1 2 
1 22 
1 6 
1 24 
1 8 
1 28 
1 14 
1 15 
2 3 
2 6 
2 7 
2 8 
2 24 
2 25 
2 11 
3 20 
3 5 
3 6 
3 7 
3 24 
3 8 
3 10 
3 27 
3 12 
4 20 
4 21 
4 22 
4 7 
4 24 
4 10 
4 11 
4 15 
5 21 
5 6 
5 25 
5 10 
5 27 
5 11 
5 12 
5 29 
5 15 
6 21 
6 22 
6 7 
6 23 
6 10 
6 28 
6 12 
7 8 
7 10 
7 11 
7 12 
7 16 
7 17 
7 23 
7 24 
7 27 
8 19 
8 25 
8 10 
8 26 
8 12 
8 15 
9 17 
9 18 
9 21 
9 22 
9 24 
9 10 
9 14 
10 11 
10 13 
10 15 
10 16 
10 17 
10 20 
10 23 
10 24 
10 27 
10 28 
11 17 
11 21 
11 23 
11 26 
11 28 
11 13 
11 14 
12 17 
12 18 
12 27 
12 15 
13 19 
13 26 
13 27 
13 15 
14 19 
14 24 
14 26 
15 19 
15 20 
15 22 
15 25 
16 25 
16 26 
16 27 
17 19 
17 20 
17 22 
17 23 
17 26 
17 27 
18 26 
19 20 
19 22 
19 26 
20 23 
20 27 
20 29 
21 22 
21 25 
21 29 
22 26 
22 28 
23 28 
23 29 
24 28 
25 27 
26 29 
27 29 
28 29 
