1 19 
1 22 
1 7 
1 23 
1 10 
1 12 
1 15 
2 16 
2 18 
2 3 
2 4 
2 21 
2 5 
2 22 
2 6 
2 9 
2 14 
3 17 
3 18 
3 19 
3 20 
3 5 
3 6 
3 9 
3 13 
3 14 
4 16 
4 17 
4 5 
4 6 
4 23 
4 8 
4 10 
4 13 
5 18 
5 19 
5 20 
5 22 
5 6 
5 7 
5 8 
5 11 
6 17 
6 20 
6 22 
6 8 
6 10 
6 12 
6 14 
7 17 
7 18 
7 20 
7 22 
7 8 
7 9 
7 10 
7 11 
7 12 
7 13 
8 16 
8 17 
8 20 
8 22 
8 10 
8 11 
8 12 
8 14 
9 16 
9 18 
9 20 
9 21 
9 11 
9 12 
9 14 
10 17 
10 21 
10 11 
10 13 
10 15 
11 17 
11 21 
11 13 
12 16 
12 18 
12 19 
12 20 
12 21 
12 23 
13 19 
13 22 
13 14 
14 16 
14 20 
15 16 
15 17 
16 17 
16 18 
16 21 
16 22 
16 23 
17 22 
17 23 
18 19 
18 21 
18 22 
18 23 
19 20 
19 23 
20 21 
20 22 
