1 32 
1 18 
1 21 
1 6 
1 26 
1 31 
2 17 
2 4 
2 22 
2 25 
2 13 
3 32 
3 17 
3 35 
3 21 
3 7 
3 29 
3 14 
4 32 
4 34 
4 19 
4 5 
4 24 
4 31 
5 32 
5 34 
5 19 
5 8 
5 24 
5 14 
6 18 
6 22 
6 23 
6 24 
6 14 
6 15 
7 22 
7 10 
7 28 
8 18 
8 35 
8 12 
8 29 
8 14 
8 15 
9 16 
9 32 
9 17 
9 20 
9 25 
9 26 
9 11 
9 30 
9 31 
10 18 
10 19 
10 21 
10 24 
10 30 
10 31 
11 23 
11 26 
11 27 
11 13 
11 30 
12 32 
12 33 
12 34 
12 22 
12 23 
12 25 
12 26 
13 18 
13 19 
13 21 
13 25 
13 28 
13 30 
13 31 
14 16 
14 32 
14 34 
14 35 
14 24 
15 32 
15 33 
15 17 
15 34 
15 21 
15 26 
16 33 
16 18 
16 24 
16 30 
16 31 
17 32 
17 33 
17 34 
17 28 
17 31 
18 31 
19 34 
19 21 
19 23 
19 26 
19 28 
20 35 
20 25 
21 34 
21 22 
21 23 
21 28 
21 29 
22 27 
23 32 
23 34 
23 35 
23 24 
23 27 
23 28 
24 35 
24 28 
26 32 
27 35 
27 29 
27 31 
28 32 
29 34 
31 33 
34 35 
