1 32 
1 17 
1 22 
1 24 
1 9 
1 25 
1 13 
1 31 
2 5 
2 28 
3 18 
3 5 
3 23 
3 11 
3 14 
3 31 
4 19 
4 22 
4 26 
4 27 
4 15 
5 16 
5 17 
6 16 
6 7 
6 26 
6 11 
6 13 
7 8 
7 9 
7 26 
7 11 
7 13 
7 31 
8 19 
8 23 
8 10 
8 27 
8 28 
9 24 
9 11 
10 21 
10 26 
11 19 
11 23 
11 24 
11 12 
11 30 
12 19 
12 27 
12 29 
13 23 
13 26 
14 32 
14 17 
14 18 
14 25 
14 26 
15 32 
15 17 
15 19 
15 23 
15 24 
15 30 
16 18 
16 19 
16 20 
16 25 
16 27 
17 26 
19 32 
19 25 
19 26 
20 21 
20 26 
20 27 
20 28 
21 32 
21 24 
21 25 
21 31 
23 28 
23 29 
24 28 
25 32 
25 29 
26 29 
27 28 
27 30 
28 32 
