1 5 
1 6 
1 25 
2 19 
2 20 
2 6 
2 27 
2 28 
2 12 
2 29 
2 15 
3 18 
3 19 
3 4 
3 6 
3 23 
3 9 
3 26 
3 13 
3 14 
3 15 
4 6 
4 25 
4 11 
4 27 
4 29 
4 13 
5 18 
5 21 
5 22 
5 23 
5 9 
5 12 
5 14 
6 18 
6 7 
6 8 
6 27 
6 13 
6 14 
7 21 
7 24 
7 14 
8 19 
9 16 
9 22 
9 11 
10 16 
10 26 
10 27 
10 28 
10 29 
11 19 
11 23 
12 16 
12 17 
12 19 
12 21 
12 26 
12 27 
12 15 
13 18 
13 23 
13 29 
13 15 
14 16 
14 18 
14 27 
14 28 
15 23 
15 24 
16 20 
16 22 
16 28 
17 21 
17 25 
17 29 
18 20 
18 26 
18 27 
18 28 
19 20 
19 23 
19 24 
19 26 
19 27 
19 28 
19 29 
20 23 
20 25 
20 26 
20 27 
21 25 
21 26 
21 27 
22 23 
24 27 
24 28 
25 26 
28 29 
