1 16 
1 3 
1 19 
1 21 
1 6 
1 9 
1 11 
1 13 
1 14 
2 18 
2 19 
2 3 
2 4 
2 20 
2 8 
2 9 
2 10 
2 11 
2 12 
2 13 
3 5 
3 7 
3 11 
3 13 
3 14 
3 15 
3 16 
3 17 
3 18 
3 20 
3 22 
4 17 
4 22 
4 6 
4 7 
4 9 
4 11 
4 12 
4 15 
5 18 
5 21 
5 7 
5 8 
5 9 
5 12 
5 13 
6 16 
6 18 
6 20 
6 23 
6 9 
6 14 
6 15 
7 16 
7 21 
7 23 
7 13 
7 15 
8 19 
8 21 
8 23 
8 9 
8 10 
8 11 
9 10 
9 11 
9 14 
9 15 
9 18 
9 20 
9 21 
9 22 
9 23 
10 16 
10 18 
10 19 
10 22 
10 23 
10 12 
10 14 
11 22 
11 12 
12 16 
12 20 
12 22 
12 13 
13 16 
13 17 
13 19 
13 22 
13 23 
14 16 
14 18 
14 23 
14 15 
15 16 
15 17 
15 22 
16 21 
17 19 
17 21 
17 23 
18 19 
18 20 
18 23 
19 21 
19 23 
20 21 
20 22 
21 22 
