1 22 
1 25 
1 11 
1 13 
2 4 
2 23 
2 24 
2 14 
3 17 
3 19 
3 20 
3 21 
3 5 
3 6 
3 24 
3 14 
4 16 
4 5 
4 21 
4 22 
4 24 
4 25 
4 11 
5 18 
5 24 
5 12 
6 17 
6 21 
6 23 
6 24 
6 10 
6 13 
6 15 
7 16 
7 17 
7 23 
7 9 
7 10 
7 11 
7 14 
8 18 
8 19 
8 9 
8 25 
8 14 
9 17 
9 18 
9 19 
9 21 
9 24 
9 25 
9 12 
9 15 
10 17 
10 21 
10 24 
10 25 
11 17 
11 20 
11 23 
11 24 
11 25 
11 14 
12 18 
12 24 
12 14 
12 15 
13 20 
13 24 
13 14 
13 15 
14 21 
14 23 
14 25 
15 17 
15 18 
15 22 
15 25 
16 18 
16 19 
17 18 
17 22 
18 19 
18 21 
18 23 
18 24 
19 24 
20 24 
21 23 
22 25 
