1 2 
1 24 
1 25 
1 9 
1 10 
1 27 
1 12 
1 30 
2 34 
2 35 
2 21 
2 10 
2 29 
3 33 
3 6 
3 29 
4 19 
4 20 
4 24 
4 9 
4 10 
5 26 
5 29 
5 15 
5 31 
6 25 
6 9 
6 29 
6 14 
6 15 
7 16 
7 13 
8 16 
8 33 
8 35 
8 10 
8 30 
8 14 
8 31 
9 34 
9 20 
9 12 
9 13 
9 29 
9 30 
10 20 
10 12 
11 21 
12 34 
12 35 
12 22 
12 13 
13 16 
13 17 
13 20 
13 30 
14 20 
14 27 
14 28 
14 15 
15 24 
15 26 
16 20 
16 21 
17 32 
17 19 
18 33 
18 21 
18 22 
18 26 
18 29 
19 32 
19 33 
20 22 
20 23 
20 28 
20 29 
21 27 
22 30 
23 34 
23 24 
23 29 
24 27 
25 34 
25 30 
27 34 
27 35 
27 29 
29 31 
30 31 
