1 2 
1 21 
1 24 
1 8 
1 9 
1 10 
1 13 
2 22 
2 7 
2 24 
2 25 
2 9 
2 12 
2 13 
2 14 
2 15 
3 16 
3 18 
3 21 
3 22 
3 6 
3 8 
3 9 
3 11 
3 15 
4 16 
4 18 
4 21 
4 25 
5 16 
5 19 
5 22 
5 6 
5 23 
5 14 
6 18 
6 20 
6 8 
6 9 
6 26 
7 17 
7 25 
7 26 
7 14 
8 17 
8 23 
8 11 
8 12 
8 13 
8 14 
9 18 
9 20 
9 23 
9 25 
9 10 
9 14 
10 16 
10 19 
10 20 
10 23 
10 24 
11 16 
11 20 
11 21 
11 13 
11 15 
12 16 
12 21 
12 22 
12 13 
13 16 
13 20 
13 22 
13 25 
13 14 
14 17 
14 23 
15 20 
15 26 
16 17 
16 20 
16 21 
16 22 
16 24 
17 18 
17 19 
17 21 
17 22 
18 19 
18 20 
18 22 
18 24 
18 26 
19 20 
19 23 
20 23 
20 25 
21 26 
23 24 
24 25 
