1 18 
1 19 
1 3 
1 6 
1 7 
1 8 
1 10 
1 13 
2 16 
2 19 
2 5 
2 6 
2 9 
2 12 
2 13 
2 15 
3 4 
3 5 
3 6 
3 9 
3 10 
3 12 
3 13 
3 15 
3 17 
3 18 
3 19 
3 20 
4 17 
4 19 
4 20 
4 8 
4 10 
5 16 
5 18 
5 19 
5 6 
5 8 
5 10 
5 11 
5 12 
5 13 
5 15 
6 17 
6 18 
6 10 
6 11 
6 12 
6 13 
6 15 
7 16 
7 17 
7 19 
7 20 
7 10 
7 11 
7 12 
7 13 
7 14 
7 15 
8 17 
8 18 
8 10 
8 12 
8 15 
9 12 
10 11 
10 13 
10 14 
10 15 
10 16 
10 17 
11 16 
11 19 
11 13 
12 17 
12 18 
12 20 
13 18 
13 19 
13 14 
13 15 
14 18 
15 16 
15 18 
15 19 
15 20 
16 17 
16 18 
16 19 
