1 17 
1 4 
1 20 
1 10 
1 11 
1 12 
1 15 
2 17 
2 19 
2 3 
2 4 
2 5 
2 6 
2 7 
2 8 
2 9 
2 10 
2 13 
2 15 
3 18 
3 20 
3 6 
3 10 
3 13 
3 14 
3 15 
4 16 
4 18 
4 19 
4 20 
4 5 
4 6 
4 9 
4 11 
4 13 
4 15 
5 17 
5 20 
5 7 
5 9 
5 10 
5 11 
6 16 
6 18 
6 20 
6 8 
6 9 
6 10 
6 12 
6 13 
6 15 
7 17 
7 10 
7 15 
8 16 
8 17 
8 11 
8 14 
8 15 
9 17 
9 12 
10 16 
10 20 
10 12 
10 13 
10 14 
11 16 
11 20 
11 12 
11 14 
12 16 
12 17 
12 18 
12 14 
12 15 
13 16 
13 17 
13 20 
13 14 
14 18 
14 19 
14 15 
15 16 
15 18 
15 19 
15 20 
16 17 
16 18 
16 20 
17 19 
