1 22 
1 6 
1 8 
1 11 
1 12 
1 15 
2 16 
2 20 
2 6 
2 7 
2 23 
2 13 
2 15 
3 4 
3 21 
3 5 
3 22 
3 8 
3 13 
3 15 
4 17 
4 19 
4 20 
4 5 
4 6 
4 7 
4 23 
4 10 
4 12 
4 14 
4 15 
5 11 
5 12 
6 16 
6 17 
6 19 
6 21 
6 22 
6 7 
6 10 
6 13 
7 16 
7 18 
7 19 
7 20 
7 21 
7 8 
7 9 
7 12 
7 13 
8 16 
8 17 
8 18 
8 20 
8 21 
8 23 
8 9 
8 10 
8 11 
9 17 
9 18 
9 19 
9 22 
9 23 
9 11 
9 13 
9 14 
9 15 
10 16 
10 20 
10 21 
10 22 
10 23 
10 13 
11 20 
11 21 
11 22 
11 14 
12 17 
12 19 
12 20 
12 22 
12 23 
12 15 
13 19 
13 20 
13 23 
13 15 
14 16 
14 17 
14 18 
14 19 
14 22 
14 15 
15 19 
15 22 
16 17 
16 18 
16 19 
16 20 
17 20 
17 21 
18 19 
18 20 
18 22 
18 23 
19 20 
19 22 
20 23 
21 22 
