1 18 
1 4 
1 21 
1 22 
1 23 
1 9 
1 12 
1 13 
2 18 
2 3 
2 19 
2 23 
2 8 
2 25 
2 10 
2 12 
3 4 
3 22 
3 25 
3 10 
3 14 
4 16 
4 20 
4 21 
4 5 
4 22 
4 6 
4 11 
4 13 
4 15 
5 16 
5 18 
5 7 
5 8 
5 10 
5 12 
5 13 
5 14 
5 15 
6 22 
6 8 
6 11 
6 13 
6 15 
7 17 
7 18 
7 22 
7 23 
7 24 
7 8 
7 25 
7 9 
7 12 
7 15 
8 16 
8 17 
8 18 
8 19 
8 23 
8 10 
8 14 
8 15 
9 21 
9 23 
9 24 
9 25 
9 11 
10 16 
10 19 
10 22 
10 24 
11 19 
11 21 
11 12 
12 16 
12 20 
13 18 
13 20 
13 21 
13 14 
14 16 
14 17 
14 19 
14 21 
14 22 
14 23 
15 16 
15 17 
15 21 
15 24 
15 25 
16 18 
16 19 
16 23 
16 24 
16 25 
17 18 
17 20 
17 23 
18 20 
18 22 
18 24 
18 25 
19 20 
19 24 
19 25 
20 22 
20 23 
22 23 
24 25 
