1 19 
1 22 
1 24 
1 8 
1 25 
1 9 
2 19 
2 4 
2 5 
2 7 
2 13 
2 14 
3 16 
3 19 
3 8 
3 9 
4 16 
4 18 
4 24 
4 28 
4 29 
4 30 
5 16 
5 18 
5 20 
5 6 
5 10 
5 11 
5 27 
5 29 
6 16 
6 18 
6 9 
6 29 
6 14 
7 22 
7 27 
7 15 
8 19 
8 22 
8 9 
8 13 
8 30 
9 17 
9 22 
9 27 
9 29 
9 14 
9 15 
10 13 
11 17 
11 18 
11 20 
11 21 
11 23 
11 24 
11 12 
11 28 
11 14 
11 15 
12 22 
12 23 
12 27 
13 19 
13 21 
13 23 
14 21 
14 26 
15 16 
15 21 
15 24 
15 27 
16 19 
16 26 
16 27 
16 28 
16 30 
17 18 
17 21 
17 26 
17 27 
17 30 
18 21 
18 24 
20 22 
24 28 
24 30 
25 29 
26 30 
27 30 
