1 19 
1 5 
1 22 
1 8 
1 12 
2 17 
2 3 
2 23 
2 27 
2 12 
2 14 
3 17 
3 19 
3 6 
3 8 
3 25 
3 9 
3 26 
3 12 
3 15 
4 19 
4 5 
4 7 
4 8 
4 9 
4 11 
4 15 
5 18 
5 21 
5 22 
5 11 
6 17 
6 24 
6 26 
6 14 
7 19 
7 21 
7 24 
7 9 
7 13 
8 19 
8 9 
8 25 
8 26 
8 11 
8 28 
8 29 
8 13 
8 15 
9 21 
9 26 
9 11 
9 13 
9 15 
10 21 
10 22 
10 11 
10 12 
11 21 
11 23 
11 27 
11 13 
12 24 
12 13 
13 19 
13 20 
13 27 
13 28 
13 14 
14 21 
14 24 
14 27 
14 15 
15 18 
15 20 
15 24 
15 29 
16 25 
16 26 
17 18 
17 29 
18 22 
18 23 
19 21 
19 27 
19 29 
20 22 
20 23 
20 24 
20 27 
20 28 
20 29 
21 25 
21 28 
22 23 
22 24 
24 26 
24 28 
26 27 
26 29 
