1 19 
1 20 
1 5 
1 22 
1 8 
1 9 
1 10 
1 28 
1 29 
1 31 
2 18 
2 3 
2 5 
3 32 
3 17 
3 18 
3 20 
3 22 
3 11 
3 27 
3 14 
4 16 
4 17 
4 18 
4 19 
4 21 
4 8 
4 9 
4 10 
4 11 
4 12 
4 29 
5 32 
5 22 
5 9 
5 28 
5 29 
5 31 
6 16 
6 23 
6 8 
6 24 
6 10 
6 30 
6 14 
7 32 
7 18 
7 21 
7 22 
7 23 
7 9 
7 26 
7 13 
7 30 
7 15 
8 13 
8 16 
8 18 
8 23 
8 24 
8 25 
8 26 
8 27 
8 28 
8 29 
8 30 
8 31 
9 32 
9 17 
9 22 
9 25 
9 26 
9 27 
9 15 
9 31 
10 16 
10 19 
10 23 
10 28 
11 14 
11 16 
11 20 
11 21 
11 22 
11 23 
11 25 
11 27 
11 28 
11 29 
11 30 
11 31 
12 32 
12 28 
12 13 
12 15 
13 21 
13 27 
13 31 
14 16 
14 32 
14 21 
14 26 
14 30 
15 28 
15 29 
16 18 
16 20 
16 29 
17 32 
17 19 
17 20 
17 21 
17 22 
17 27 
18 19 
18 20 
18 28 
18 29 
19 32 
19 21 
19 22 
19 25 
19 28 
20 32 
20 22 
20 25 
20 26 
20 29 
21 32 
21 26 
21 31 
22 29 
23 25 
23 27 
23 29 
24 25 
24 26 
24 31 
25 32 
25 26 
25 29 
25 30 
26 27 
26 30 
26 31 
27 28 
27 29 
28 31 
29 31 
31 32 
