1 16 
1 2 
1 19 
1 21 
1 22 
1 23 
1 9 
1 26 
1 13 
2 3 
2 8 
2 10 
2 11 
2 13 
2 15 
2 16 
2 17 
2 21 
2 22 
2 23 
2 24 
2 27 
3 18 
3 20 
3 7 
3 8 
3 25 
3 11 
3 28 
3 12 
4 16 
4 18 
4 20 
4 10 
4 14 
5 17 
5 21 
5 8 
5 10 
5 27 
5 11 
5 12 
5 28 
5 29 
5 15 
6 16 
6 17 
6 19 
6 21 
6 22 
6 7 
6 23 
6 8 
6 25 
6 26 
6 27 
6 29 
7 17 
7 18 
7 19 
7 21 
7 23 
7 24 
7 8 
7 9 
7 10 
7 14 
8 16 
8 20 
8 21 
8 11 
8 14 
8 15 
9 16 
9 21 
9 23 
9 10 
9 11 
9 27 
9 29 
10 16 
10 17 
10 20 
10 21 
10 22 
10 23 
10 25 
10 26 
11 21 
11 25 
11 26 
11 27 
11 28 
11 13 
11 29 
12 23 
12 26 
12 13 
12 14 
12 15 
13 16 
13 19 
13 21 
13 22 
13 26 
13 27 
13 15 
14 18 
14 20 
14 23 
15 16 
15 17 
15 18 
15 20 
15 24 
15 27 
15 29 
16 18 
16 26 
16 27 
16 28 
17 18 
17 19 
17 25 
17 26 
17 28 
19 20 
19 21 
19 23 
19 26 
19 27 
20 21 
20 26 
20 28 
20 29 
21 25 
21 26 
21 27 
22 27 
22 29 
23 26 
23 28 
23 29 
24 26 
24 28 
25 26 
25 29 
26 27 
26 28 
26 29 
