1 17 
1 2 
1 3 
1 19 
1 5 
1 23 
1 7 
1 8 
1 24 
1 10 
2 3 
2 4 
2 5 
2 7 
2 9 
2 11 
2 13 
2 14 
2 16 
2 18 
2 19 
2 20 
3 20 
3 21 
3 6 
3 22 
3 12 
3 15 
4 16 
4 17 
4 18 
4 22 
4 25 
4 9 
4 12 
4 13 
5 6 
5 7 
5 10 
5 12 
5 15 
5 16 
5 20 
5 21 
5 22 
5 23 
5 25 
6 22 
6 23 
6 7 
6 8 
6 11 
6 12 
6 15 
7 10 
7 11 
7 12 
7 13 
7 18 
7 20 
7 21 
7 22 
7 24 
8 16 
8 20 
8 22 
8 23 
8 25 
8 9 
8 12 
8 13 
8 14 
9 17 
9 23 
9 24 
9 25 
9 10 
9 11 
10 16 
10 17 
10 20 
10 22 
10 25 
10 13 
11 16 
11 19 
11 20 
11 24 
11 13 
11 15 
12 17 
12 18 
12 19 
12 21 
12 24 
12 13 
13 19 
13 20 
13 21 
13 22 
13 23 
14 16 
14 17 
14 25 
15 18 
15 19 
15 21 
15 23 
15 24 
15 25 
16 20 
16 25 
17 18 
17 21 
17 23 
18 19 
18 20 
18 22 
18 24 
19 21 
19 24 
20 21 
20 22 
20 23 
21 22 
21 24 
22 23 
22 25 
23 25 
24 25 
