1 32 
1 20 
1 5 
1 7 
1 24 
1 10 
1 29 
1 15 
1 31 
2 32 
2 33 
2 4 
2 22 
2 7 
2 9 
2 10 
2 12 
2 15 
2 31 
3 19 
3 6 
3 23 
3 24 
3 9 
3 26 
3 28 
3 12 
3 31 
4 19 
4 5 
4 22 
4 25 
4 29 
5 22 
5 7 
5 8 
5 24 
5 30 
5 14 
5 15 
6 8 
6 10 
6 13 
6 31 
7 34 
7 35 
7 10 
7 11 
7 12 
7 13 
7 14 
7 20 
7 25 
7 27 
7 29 
7 30 
8 34 
8 19 
8 10 
8 26 
8 28 
8 31 
9 32 
9 18 
9 25 
9 26 
9 10 
9 29 
9 14 
10 13 
10 14 
10 16 
10 20 
10 22 
10 23 
10 25 
11 35 
11 26 
11 13 
11 15 
12 17 
12 33 
12 35 
12 22 
12 24 
12 26 
12 27 
12 28 
12 30 
13 32 
13 23 
13 26 
13 31 
13 15 
14 35 
14 22 
14 24 
14 30 
15 17 
15 28 
16 17 
16 20 
16 29 
17 33 
17 20 
17 23 
17 25 
17 26 
18 25 
18 30 
19 34 
19 20 
19 29 
19 30 
19 31 
20 33 
20 34 
20 23 
20 26 
20 28 
21 22 
21 26 
21 29 
21 30 
22 34 
22 24 
22 29 
23 24 
23 25 
23 26 
23 30 
24 32 
24 28 
24 30 
25 32 
25 34 
25 27 
26 33 
26 27 
26 29 
27 33 
29 33 
29 35 
29 30 
30 32 
30 31 
31 33 
31 34 
33 34 
33 35 
