1 2 
1 3 
1 5 
1 7 
1 8 
1 9 
1 11 
1 14 
1 15 
1 17 
1 18 
1 19 
1 20 
1 22 
2 3 
2 19 
2 5 
2 22 
2 6 
2 7 
2 9 
2 11 
2 12 
2 13 
2 15 
3 17 
3 19 
3 5 
3 7 
3 23 
3 11 
3 12 
3 13 
3 14 
3 15 
4 18 
4 20 
4 5 
4 6 
4 22 
4 23 
4 8 
4 9 
4 11 
4 12 
5 7 
5 9 
5 10 
5 11 
5 13 
5 16 
5 18 
5 19 
5 20 
5 22 
5 23 
6 7 
6 8 
6 10 
6 11 
6 12 
6 14 
6 15 
6 17 
6 18 
6 19 
6 20 
6 23 
7 9 
7 11 
7 13 
7 16 
7 17 
7 18 
7 19 
7 20 
7 22 
8 21 
8 22 
8 11 
8 12 
8 13 
8 14 
8 15 
9 10 
9 11 
9 12 
9 14 
9 15 
9 19 
9 20 
9 21 
9 22 
9 23 
10 18 
10 19 
10 23 
10 13 
10 14 
10 15 
11 12 
11 13 
11 14 
11 15 
11 16 
11 17 
11 18 
11 20 
12 13 
12 14 
12 18 
12 19 
12 21 
12 22 
13 16 
13 19 
13 20 
13 23 
14 15 
14 18 
14 19 
14 20 
14 21 
15 16 
15 20 
15 21 
15 22 
15 23 
16 17 
16 19 
16 21 
16 23 
17 19 
17 21 
18 22 
18 23 
19 20 
19 23 
21 22 
22 23 
