1 17 
1 20 
1 7 
1 24 
1 9 
1 14 
1 15 
2 20 
2 5 
2 23 
2 28 
2 29 
2 13 
2 15 
3 17 
3 20 
3 28 
3 29 
4 16 
4 18 
4 20 
4 10 
4 29 
5 20 
5 21 
5 6 
5 7 
5 29 
5 14 
6 16 
6 20 
6 22 
6 24 
6 12 
7 25 
7 26 
7 10 
7 28 
7 29 
8 16 
8 9 
8 29 
8 14 
9 18 
9 19 
9 27 
9 28 
10 21 
10 24 
10 29 
10 14 
10 15 
11 24 
11 26 
11 27 
12 17 
12 19 
13 20 
14 19 
15 18 
15 29 
16 24 
17 24 
18 20 
18 21 
18 22 
18 24 
19 23 
19 26 
19 28 
20 25 
21 22 
21 24 
21 29 
22 25 
22 29 
23 26 
24 25 
25 28 
25 29 
