1 32 
1 21 
1 9 
1 12 
2 16 
2 19 
2 20 
2 4 
2 6 
2 25 
2 27 
2 13 
2 30 
3 18 
3 19 
3 7 
3 9 
3 26 
3 27 
3 11 
4 6 
4 7 
4 14 
5 8 
5 9 
5 29 
5 15 
6 8 
6 26 
6 13 
7 21 
7 8 
7 24 
7 26 
7 31 
8 20 
8 27 
8 11 
8 13 
8 29 
9 16 
9 10 
9 13 
10 16 
10 17 
10 18 
10 23 
10 12 
10 31 
11 32 
11 20 
11 22 
11 26 
11 14 
11 15 
12 18 
12 13 
12 15 
13 32 
13 16 
13 30 
14 17 
14 24 
14 25 
14 26 
14 15 
15 16 
15 17 
15 19 
15 20 
15 21 
15 24 
15 26 
15 29 
15 31 
16 32 
16 19 
16 21 
16 23 
16 24 
16 28 
17 19 
17 21 
17 26 
18 32 
18 19 
18 20 
18 23 
18 29 
18 31 
19 21 
19 30 
20 23 
20 29 
21 32 
21 23 
21 30 
22 27 
22 29 
23 32 
23 28 
24 32 
24 27 
24 28 
24 29 
25 26 
25 28 
25 30 
27 28 
27 30 
