1 17 
1 19 
1 4 
1 21 
1 22 
1 23 
1 10 
1 14 
1 15 
2 3 
2 4 
2 21 
2 6 
2 8 
2 11 
2 12 
3 19 
3 20 
3 21 
3 8 
3 11 
3 13 
3 15 
4 17 
4 18 
4 19 
4 22 
4 11 
4 12 
5 16 
5 17 
5 20 
5 21 
5 6 
5 7 
5 10 
5 11 
5 14 
6 16 
6 18 
6 21 
6 22 
6 23 
6 10 
6 11 
6 14 
7 16 
7 18 
7 19 
7 10 
7 11 
7 12 
7 14 
8 18 
8 22 
8 9 
8 11 
8 12 
8 14 
9 16 
9 17 
9 20 
9 23 
9 10 
9 12 
9 13 
9 14 
10 12 
10 13 
10 14 
10 15 
10 16 
10 17 
10 18 
10 22 
11 18 
11 21 
11 22 
11 12 
11 15 
12 15 
12 16 
12 17 
12 20 
12 21 
12 22 
12 23 
13 18 
13 20 
13 23 
13 14 
14 19 
14 20 
14 21 
14 22 
15 17 
15 19 
15 20 
15 21 
16 17 
16 18 
16 20 
16 21 
16 22 
17 19 
17 23 
18 21 
18 23 
20 21 
21 23 
