1 17 
1 20 
1 24 
1 15 
2 3 
2 4 
2 6 
2 7 
2 24 
2 9 
2 26 
2 14 
3 16 
3 6 
3 22 
3 24 
3 26 
3 10 
3 15 
4 20 
4 22 
4 26 
5 17 
5 18 
5 19 
5 21 
5 7 
5 14 
5 15 
6 7 
6 23 
6 25 
6 10 
7 17 
7 19 
7 20 
7 23 
7 12 
8 16 
8 18 
8 20 
8 21 
8 9 
8 13 
8 14 
9 16 
9 18 
9 19 
9 25 
9 10 
9 26 
9 11 
9 13 
10 16 
10 18 
10 21 
10 25 
10 26 
10 12 
10 14 
10 15 
11 18 
11 23 
11 26 
11 15 
12 17 
13 16 
13 17 
13 18 
13 19 
14 16 
14 17 
14 19 
14 24 
14 25 
14 15 
15 17 
15 24 
15 26 
16 17 
16 19 
16 20 
16 21 
17 26 
18 22 
18 24 
18 26 
19 21 
19 23 
19 26 
20 22 
21 22 
21 24 
21 25 
21 26 
22 25 
22 26 
23 25 
24 25 
25 26 
