1 7 
1 24 
1 25 
1 14 
1 31 
1 15 
2 19 
2 21 
2 22 
2 25 
2 10 
2 26 
2 11 
3 9 
3 30 
4 20 
4 22 
4 11 
4 12 
4 31 
5 23 
5 10 
5 11 
5 12 
5 15 
6 16 
6 18 
6 19 
6 20 
6 21 
6 22 
6 27 
6 28 
6 29 
6 15 
7 16 
7 20 
7 21 
7 10 
7 27 
7 12 
7 29 
7 13 
8 22 
8 24 
8 25 
8 26 
8 29 
8 15 
8 31 
9 32 
9 16 
9 18 
9 23 
9 27 
9 28 
9 12 
10 16 
10 19 
10 23 
10 25 
10 11 
10 12 
10 29 
10 15 
11 20 
11 21 
12 20 
12 22 
12 28 
12 13 
13 17 
13 28 
13 30 
14 32 
14 17 
14 23 
14 26 
15 16 
15 18 
15 24 
15 27 
16 32 
16 21 
16 25 
16 28 
16 31 
17 24 
18 21 
18 29 
19 20 
19 21 
19 22 
19 26 
20 25 
22 23 
22 25 
22 26 
22 27 
22 29 
23 25 
23 29 
23 30 
24 32 
24 28 
25 26 
27 29 
28 32 
28 29 
31 32 
