1 18 
1 20 
1 8 
1 13 
1 14 
2 32 
2 17 
2 22 
2 23 
2 24 
2 11 
2 12 
2 31 
2 15 
3 19 
3 22 
3 7 
3 10 
3 29 
3 14 
4 20 
4 23 
4 24 
4 9 
4 29 
4 14 
4 30 
4 15 
5 16 
5 19 
5 23 
5 28 
5 29 
5 30 
5 31 
6 32 
6 20 
6 26 
6 29 
6 15 
7 32 
7 20 
7 21 
7 28 
7 12 
7 13 
7 29 
7 14 
8 17 
8 21 
8 25 
8 10 
8 13 
8 29 
8 30 
9 17 
9 19 
9 21 
9 23 
9 12 
9 30 
10 18 
10 20 
10 28 
10 13 
10 31 
11 18 
11 22 
11 24 
11 25 
11 28 
11 13 
11 30 
11 31 
12 19 
12 27 
13 32 
13 16 
13 17 
14 24 
15 16 
15 18 
15 24 
16 18 
16 22 
16 25 
16 26 
16 29 
16 31 
17 31 
18 32 
18 27 
19 25 
19 27 
20 21 
20 30 
21 22 
21 23 
21 28 
22 24 
23 30 
24 30 
24 31 
25 29 
25 31 
26 32 
26 28 
26 31 
28 30 
28 31 
