1 18 
1 3 
1 4 
1 5 
1 22 
1 6 
1 26 
1 11 
1 14 
2 17 
2 3 
2 4 
2 22 
2 11 
2 27 
3 5 
3 8 
3 13 
3 15 
3 16 
3 20 
3 21 
3 22 
3 26 
3 27 
3 28 
3 29 
4 21 
4 23 
4 24 
4 9 
4 29 
4 14 
5 22 
5 28 
5 13 
6 20 
6 21 
6 22 
6 26 
6 28 
6 29 
7 17 
7 26 
7 28 
8 24 
8 13 
9 26 
9 10 
9 27 
9 14 
10 17 
10 13 
11 18 
11 21 
11 25 
11 12 
11 13 
12 30 
13 21 
13 26 
13 27 
13 29 
14 18 
14 19 
14 28 
14 30 
15 16 
15 26 
15 28 
15 30 
16 20 
16 21 
16 22 
16 29 
16 30 
17 30 
18 19 
18 21 
18 29 
19 23 
19 30 
20 23 
20 30 
22 28 
22 30 
24 25 
24 27 
25 26 
25 28 
