1 17 
1 18 
1 2 
1 20 
1 4 
1 22 
1 6 
1 8 
1 25 
1 26 
1 28 
2 16 
2 3 
2 6 
2 26 
2 13 
2 29 
2 14 
2 31 
3 21 
3 24 
3 27 
4 33 
4 17 
4 35 
4 19 
4 20 
4 5 
4 6 
4 9 
4 26 
4 10 
5 34 
5 35 
5 20 
5 21 
5 24 
5 8 
5 10 
5 30 
6 16 
6 35 
6 20 
6 25 
6 30 
7 17 
7 22 
7 23 
7 24 
7 25 
7 13 
7 15 
8 33 
8 17 
8 23 
9 18 
9 20 
10 34 
10 24 
10 30 
10 15 
11 22 
11 23 
12 16 
12 18 
12 21 
12 14 
13 33 
13 17 
13 19 
13 20 
13 28 
13 14 
13 15 
13 31 
14 16 
14 18 
14 25 
14 29 
15 16 
15 17 
15 33 
15 18 
15 22 
15 28 
15 30 
16 17 
16 19 
16 25 
16 31 
17 19 
17 27 
17 30 
18 32 
18 34 
18 21 
18 30 
19 24 
19 28 
19 29 
19 30 
20 34 
20 23 
20 27 
20 31 
21 35 
21 23 
21 31 
22 28 
23 32 
23 35 
23 24 
23 28 
23 29 
24 34 
25 34 
25 27 
25 29 
26 32 
26 34 
26 27 
26 30 
26 31 
27 34 
27 29 
28 35 
29 31 
31 33 
33 35 
34 35 
