1 17 
1 19 
1 4 
1 21 
1 6 
1 7 
1 24 
1 10 
1 14 
2 19 
2 20 
2 5 
2 23 
2 8 
2 25 
2 9 
2 26 
2 11 
2 12 
3 16 
3 17 
3 5 
3 7 
3 24 
3 9 
3 25 
3 10 
3 11 
3 12 
3 15 
4 5 
4 6 
4 7 
4 9 
4 10 
4 13 
4 15 
4 20 
4 22 
4 23 
4 24 
4 25 
5 8 
5 10 
5 11 
5 12 
5 13 
5 19 
5 20 
5 21 
5 22 
5 24 
6 16 
6 17 
6 19 
6 20 
6 21 
6 24 
6 25 
6 11 
6 15 
7 18 
7 23 
7 24 
7 26 
7 12 
7 14 
8 16 
8 17 
8 21 
8 23 
8 24 
8 26 
8 14 
8 15 
9 16 
9 19 
9 21 
9 11 
9 13 
10 19 
10 20 
10 23 
10 26 
10 11 
10 13 
10 14 
11 12 
11 14 
11 15 
11 18 
11 19 
11 20 
11 22 
11 26 
12 16 
12 17 
12 24 
12 13 
13 17 
13 19 
13 21 
13 22 
13 24 
13 25 
14 17 
14 20 
14 21 
15 21 
15 23 
15 25 
16 26 
17 18 
17 20 
17 21 
17 23 
17 26 
18 23 
18 25 
18 26 
19 22 
19 23 
19 25 
20 21 
20 23 
20 24 
20 25 
21 23 
22 26 
24 25 
