1 18 
1 2 
1 3 
1 20 
1 5 
1 22 
1 6 
1 23 
1 15 
2 6 
2 8 
2 9 
2 10 
2 12 
2 13 
2 15 
2 16 
2 18 
2 20 
2 22 
2 23 
3 20 
3 4 
3 21 
3 6 
3 23 
3 8 
3 12 
3 14 
3 15 
4 16 
4 17 
4 5 
4 6 
4 9 
4 10 
4 11 
5 18 
5 19 
5 20 
5 22 
5 23 
5 7 
5 13 
5 15 
6 16 
6 19 
6 11 
6 12 
6 14 
6 15 
7 17 
7 19 
7 22 
7 23 
7 9 
7 10 
7 11 
7 14 
8 19 
8 20 
8 21 
8 23 
8 11 
8 12 
8 14 
9 19 
9 20 
9 22 
9 12 
10 17 
10 20 
10 21 
10 22 
10 23 
10 11 
10 12 
10 15 
11 16 
11 17 
11 18 
11 22 
11 12 
11 13 
11 14 
12 14 
12 15 
12 16 
12 17 
12 18 
12 23 
13 16 
13 18 
13 19 
13 22 
14 16 
14 17 
14 23 
15 17 
15 19 
15 20 
15 21 
15 23 
16 17 
16 19 
16 22 
16 23 
17 18 
17 22 
17 23 
18 19 
18 20 
18 21 
18 22 
18 23 
19 20 
19 22 
20 21 
20 22 
20 23 
