1 17 
1 2 
1 3 
1 19 
1 23 
1 7 
1 13 
1 15 
2 3 
2 20 
2 21 
2 5 
2 22 
2 7 
2 9 
2 10 
2 13 
3 18 
3 4 
3 22 
3 9 
3 13 
4 16 
4 18 
4 5 
4 21 
4 22 
4 23 
4 7 
4 14 
5 18 
5 21 
5 6 
5 9 
5 13 
5 15 
6 22 
6 7 
6 14 
6 15 
7 16 
7 17 
7 12 
7 14 
7 15 
8 16 
8 18 
8 22 
8 23 
8 14 
8 15 
9 16 
9 17 
9 18 
9 20 
9 21 
9 11 
9 12 
10 21 
10 22 
10 13 
10 14 
11 16 
11 17 
11 21 
11 22 
11 23 
12 17 
12 19 
12 20 
12 13 
12 14 
13 17 
13 19 
13 22 
13 15 
14 17 
14 19 
14 22 
15 16 
15 17 
15 18 
15 20 
16 17 
16 18 
16 19 
16 20 
16 23 
17 19 
17 20 
17 21 
17 23 
18 20 
18 23 
19 20 
19 22 
20 22 
20 23 
21 23 
22 23 
