1 16 
1 17 
1 2 
1 4 
1 21 
1 5 
1 6 
1 7 
1 10 
1 11 
1 13 
1 15 
2 3 
2 4 
2 6 
2 7 
2 8 
2 9 
2 10 
2 12 
2 13 
2 15 
2 16 
2 17 
2 18 
2 21 
2 23 
3 4 
3 5 
3 7 
3 9 
3 10 
3 15 
3 16 
3 18 
3 19 
3 20 
3 22 
3 23 
4 17 
4 19 
4 20 
4 21 
4 5 
4 8 
4 9 
4 10 
4 15 
5 7 
5 9 
5 10 
5 12 
5 13 
5 16 
5 17 
5 19 
5 20 
5 21 
5 22 
5 23 
6 7 
6 8 
6 9 
6 11 
6 13 
6 15 
6 16 
6 18 
6 20 
6 22 
6 23 
7 17 
7 22 
7 9 
7 10 
7 11 
7 12 
7 13 
8 17 
8 19 
8 20 
8 21 
8 23 
8 9 
8 11 
8 12 
8 13 
9 17 
9 20 
9 21 
9 22 
9 15 
10 11 
10 13 
10 14 
10 16 
10 17 
10 18 
10 21 
10 22 
10 23 
11 16 
11 19 
11 21 
11 13 
11 14 
11 15 
12 16 
12 18 
12 21 
12 22 
12 23 
12 14 
13 14 
13 15 
13 16 
13 17 
13 18 
13 19 
13 21 
13 23 
14 16 
14 17 
14 18 
14 21 
14 22 
15 19 
15 20 
15 21 
15 22 
16 17 
16 18 
16 19 
16 20 
16 22 
16 23 
17 18 
17 20 
17 21 
17 22 
18 20 
18 21 
18 23 
19 21 
19 23 
20 21 
20 22 
20 23 
21 22 
21 23 
