1 16 
1 32 
1 18 
1 5 
1 7 
1 23 
1 9 
1 13 
1 14 
2 4 
2 22 
2 7 
2 13 
3 32 
3 16 
3 27 
3 31 
4 18 
4 7 
4 24 
4 14 
4 31 
4 15 
5 13 
5 31 
6 22 
6 12 
7 19 
7 23 
7 8 
7 24 
7 12 
7 14 
7 31 
8 17 
8 25 
9 32 
9 17 
9 19 
9 28 
9 13 
10 17 
10 18 
10 11 
10 12 
10 14 
11 32 
11 18 
11 26 
12 16 
12 17 
12 18 
12 31 
13 16 
13 18 
13 20 
13 27 
14 27 
15 19 
15 20 
16 18 
16 19 
17 18 
17 21 
18 27 
18 31 
19 32 
19 29 
20 32 
21 22 
21 24 
21 31 
22 25 
22 28 
23 30 
24 25 
25 27 
26 27 
26 30 
28 31 
