1 16 
1 2 
1 21 
1 22 
1 10 
1 11 
1 12 
2 5 
2 21 
2 24 
2 11 
2 12 
2 14 
3 16 
3 18 
3 20 
3 24 
3 8 
3 9 
3 14 
4 18 
4 21 
4 9 
4 12 
5 16 
5 18 
5 6 
5 23 
5 24 
5 8 
5 25 
5 15 
6 16 
6 18 
6 7 
6 8 
6 11 
7 19 
7 24 
7 9 
7 11 
7 13 
8 20 
8 10 
8 14 
9 16 
9 10 
10 17 
10 18 
10 19 
10 23 
10 26 
10 14 
11 17 
11 18 
11 24 
11 12 
11 13 
11 14 
12 16 
12 17 
12 15 
13 20 
13 21 
13 23 
13 24 
13 15 
14 17 
14 25 
15 23 
16 17 
16 18 
16 22 
16 26 
17 21 
17 24 
18 22 
19 21 
19 25 
20 26 
