1 18 
1 3 
1 4 
1 9 
1 10 
1 26 
1 11 
1 13 
1 14 
2 4 
2 22 
2 24 
2 25 
2 26 
3 17 
3 18 
3 6 
3 9 
3 14 
4 6 
4 7 
4 10 
4 12 
4 13 
4 14 
4 17 
4 21 
4 23 
4 25 
4 26 
5 17 
5 19 
5 21 
5 6 
5 24 
5 25 
5 26 
5 11 
5 14 
5 15 
6 19 
6 23 
6 25 
6 26 
6 12 
6 14 
7 16 
7 17 
7 18 
7 20 
7 21 
7 22 
7 23 
7 8 
7 24 
7 10 
7 12 
8 16 
8 17 
8 20 
8 9 
8 10 
8 11 
8 14 
9 16 
9 17 
9 18 
9 21 
9 23 
9 24 
9 10 
9 11 
9 13 
10 13 
10 15 
10 16 
10 17 
10 19 
10 21 
10 22 
10 23 
10 25 
11 17 
11 18 
11 22 
11 26 
11 12 
11 15 
12 16 
12 17 
12 22 
12 23 
12 25 
12 13 
13 16 
13 20 
13 25 
13 14 
14 18 
14 23 
14 25 
14 15 
15 18 
15 20 
15 21 
15 22 
15 24 
15 25 
16 17 
16 18 
16 22 
16 23 
16 24 
17 20 
17 23 
17 24 
18 21 
18 24 
18 26 
19 20 
19 21 
19 23 
19 25 
20 21 
20 25 
21 26 
22 24 
23 26 
24 25 
24 26 
