1 19 
1 20 
1 11 
1 29 
1 15 
2 17 
2 18 
2 24 
2 9 
2 10 
2 27 
2 29 
2 15 
3 19 
3 21 
3 7 
3 9 
3 26 
3 27 
3 28 
3 13 
3 29 
3 14 
4 19 
4 20 
4 21 
4 22 
4 8 
4 11 
4 29 
5 17 
5 19 
5 20 
5 25 
5 26 
6 18 
6 20 
6 22 
6 23 
6 7 
6 8 
6 25 
6 11 
6 28 
6 14 
7 22 
7 25 
7 27 
7 12 
8 22 
8 11 
8 27 
8 12 
8 28 
8 29 
9 19 
9 20 
9 10 
9 11 
9 29 
9 15 
10 18 
10 20 
10 24 
10 26 
10 27 
10 14 
11 16 
11 17 
11 23 
12 16 
12 17 
12 20 
12 21 
12 22 
12 26 
12 28 
12 13 
12 14 
13 19 
13 20 
13 29 
13 15 
14 20 
14 22 
14 15 
15 16 
15 21 
15 22 
15 27 
15 29 
16 19 
16 21 
16 29 
17 24 
17 28 
18 20 
18 22 
18 24 
18 26 
18 27 
19 28 
21 24 
21 28 
22 26 
23 29 
25 27 
25 29 
26 27 
26 28 
