1 2 
1 3 
1 4 
1 5 
1 6 
1 10 
1 12 
1 13 
1 14 
1 15 
1 16 
1 17 
1 19 
1 20 
2 17 
2 3 
2 5 
2 6 
2 9 
2 13 
3 17 
3 5 
3 6 
3 9 
3 10 
3 12 
4 17 
4 20 
4 5 
4 7 
4 10 
4 11 
4 12 
4 13 
4 15 
5 6 
5 7 
5 10 
5 12 
5 13 
5 14 
5 17 
5 18 
5 19 
5 20 
6 8 
6 11 
6 12 
7 18 
7 8 
7 9 
7 10 
7 11 
7 12 
7 14 
8 17 
8 19 
8 9 
8 10 
8 13 
8 15 
9 18 
9 19 
9 20 
9 10 
9 11 
9 12 
9 13 
9 14 
10 11 
10 12 
10 14 
10 17 
10 18 
10 19 
11 16 
11 19 
11 20 
11 12 
11 14 
11 15 
12 14 
12 16 
12 17 
12 20 
13 17 
13 19 
13 20 
13 14 
14 16 
14 17 
14 20 
15 16 
15 18 
15 20 
16 17 
16 18 
16 19 
17 18 
18 19 
