1 19 
1 6 
1 10 
2 16 
2 18 
2 20 
2 22 
2 23 
2 13 
3 16 
3 19 
3 23 
3 15 
4 20 
4 21 
4 6 
4 8 
4 13 
5 16 
5 18 
5 22 
5 7 
5 24 
5 12 
5 15 
6 20 
6 21 
6 23 
6 8 
6 9 
6 26 
6 10 
6 13 
6 14 
7 16 
7 21 
7 24 
7 12 
8 16 
8 26 
8 13 
8 15 
9 24 
9 25 
9 14 
10 21 
10 22 
10 13 
11 23 
11 12 
11 15 
12 20 
12 23 
12 26 
13 17 
13 18 
13 19 
13 26 
13 15 
14 16 
14 18 
14 20 
15 16 
15 21 
15 23 
15 26 
16 18 
16 24 
17 22 
17 26 
18 21 
18 23 
18 24 
19 20 
20 22 
21 22 
21 26 
23 25 
23 26 
24 26 
