1 2 
1 3 
1 4 
1 5 
1 7 
1 8 
1 9 
1 10 
1 11 
1 12 
1 13 
1 15 
1 16 
1 17 
1 18 
1 19 
1 20 
1 21 
1 22 
1 23 
2 16 
2 17 
2 20 
2 4 
2 5 
2 22 
2 7 
2 8 
2 10 
2 12 
2 15 
3 20 
3 21 
3 6 
3 22 
3 23 
3 8 
3 9 
3 10 
3 14 
3 15 
4 17 
4 21 
4 7 
4 8 
4 9 
4 10 
4 11 
4 12 
4 14 
4 15 
5 7 
5 8 
5 12 
5 13 
5 14 
5 15 
5 17 
5 18 
5 19 
5 21 
5 23 
6 17 
6 18 
6 21 
6 23 
6 8 
6 10 
6 11 
6 12 
6 15 
7 8 
7 9 
7 10 
7 11 
7 12 
7 13 
7 15 
7 16 
7 21 
7 22 
7 23 
8 9 
8 10 
8 12 
8 13 
8 17 
8 18 
8 19 
8 20 
8 21 
8 22 
8 23 
9 10 
9 13 
9 14 
9 15 
9 16 
9 18 
9 20 
9 21 
9 23 
10 11 
10 12 
10 13 
10 15 
10 16 
10 17 
10 18 
10 19 
10 20 
11 18 
11 19 
11 22 
11 23 
11 15 
12 16 
12 18 
12 20 
12 15 
13 18 
13 19 
13 21 
13 14 
13 15 
14 17 
14 18 
14 19 
14 21 
14 22 
14 15 
15 17 
15 18 
15 19 
15 20 
15 23 
16 18 
16 22 
16 23 
17 18 
17 19 
17 20 
17 22 
18 19 
18 21 
18 23 
19 20 
19 22 
19 23 
21 23 
