1 19 
1 4 
1 6 
1 23 
1 8 
1 10 
1 11 
1 28 
1 12 
2 18 
2 34 
2 19 
2 35 
2 8 
2 13 
3 7 
3 24 
3 9 
3 10 
4 6 
4 23 
4 28 
4 29 
4 14 
5 35 
5 21 
5 23 
5 9 
5 26 
5 28 
5 29 
6 24 
6 9 
6 15 
7 17 
7 29 
8 18 
8 35 
8 26 
8 14 
8 15 
9 22 
9 28 
10 13 
10 31 
11 16 
11 18 
11 34 
11 25 
11 27 
12 34 
12 21 
12 23 
12 24 
13 35 
13 20 
13 26 
13 27 
14 15 
15 35 
15 19 
15 24 
15 31 
16 33 
16 25 
16 31 
17 23 
17 27 
18 33 
18 22 
18 24 
18 28 
19 26 
19 30 
20 35 
20 21 
21 25 
21 27 
22 23 
22 25 
22 28 
24 27 
24 30 
25 31 
26 33 
30 34 
30 31 
31 33 
31 35 
32 33 
