1 2 
1 3 
1 4 
1 6 
1 8 
1 9 
1 10 
1 11 
1 12 
1 17 
1 18 
1 20 
1 21 
1 23 
2 3 
2 5 
2 7 
2 11 
2 12 
2 13 
2 14 
2 15 
2 16 
2 17 
2 19 
2 22 
2 23 
3 4 
3 8 
3 9 
3 12 
3 13 
3 14 
3 15 
3 16 
3 18 
3 19 
3 20 
3 21 
3 23 
4 5 
4 6 
4 7 
4 8 
4 11 
4 14 
4 16 
4 17 
4 19 
4 20 
4 21 
5 16 
5 6 
5 22 
5 7 
5 9 
5 11 
5 12 
5 14 
6 17 
6 21 
6 23 
6 7 
6 8 
6 12 
6 14 
7 16 
7 23 
7 8 
7 9 
7 10 
7 11 
8 11 
8 13 
8 14 
8 16 
8 17 
8 19 
8 20 
8 21 
8 23 
9 10 
9 11 
9 12 
9 15 
9 16 
9 17 
9 18 
9 19 
9 20 
10 17 
10 20 
10 21 
10 11 
10 12 
10 13 
11 12 
11 13 
11 14 
11 18 
11 20 
11 22 
11 23 
12 13 
12 16 
12 19 
12 22 
12 23 
13 16 
13 18 
13 14 
13 15 
14 17 
14 19 
14 21 
14 23 
15 16 
15 17 
15 19 
15 20 
15 23 
16 18 
16 19 
16 20 
16 22 
16 23 
17 18 
17 19 
17 20 
17 21 
17 22 
17 23 
18 21 
18 22 
18 23 
19 20 
19 21 
19 23 
20 22 
21 23 
