1 32 
1 20 
1 12 
1 29 
1 15 
2 5 
2 22 
2 7 
2 8 
2 10 
2 29 
2 13 
2 14 
2 15 
3 35 
3 21 
3 23 
3 31 
4 18 
4 19 
4 24 
4 15 
4 31 
5 18 
5 9 
5 28 
6 33 
6 19 
6 28 
6 15 
7 33 
7 20 
7 31 
8 33 
8 17 
8 35 
8 23 
8 26 
8 12 
8 13 
9 17 
9 34 
9 23 
9 25 
9 10 
10 32 
10 16 
10 33 
10 19 
10 20 
10 23 
10 27 
10 12 
11 23 
11 25 
12 21 
12 24 
12 29 
13 33 
13 21 
13 24 
14 17 
14 24 
14 25 
14 27 
14 15 
15 32 
15 19 
15 23 
15 26 
15 31 
16 34 
16 19 
16 22 
16 26 
17 27 
17 28 
17 31 
18 34 
18 27 
18 30 
19 33 
20 32 
20 21 
20 24 
20 25 
20 27 
20 29 
20 30 
21 33 
21 26 
22 23 
23 35 
23 25 
23 30 
24 33 
24 34 
24 25 
24 29 
24 31 
25 30 
26 29 
27 35 
27 30 
28 34 
28 31 
29 35 
30 35 
30 31 
33 35 
