1 16 
1 4 
1 21 
1 7 
1 10 
1 28 
1 15 
2 16 
2 17 
2 3 
2 5 
2 7 
2 24 
2 9 
2 12 
3 19 
3 7 
3 27 
4 17 
4 19 
4 21 
4 23 
4 7 
4 11 
4 12 
4 14 
5 16 
5 18 
5 6 
5 22 
5 12 
5 28 
6 26 
6 11 
6 29 
6 14 
7 19 
7 25 
7 10 
7 29 
8 16 
8 17 
8 18 
8 21 
8 26 
8 27 
8 14 
9 17 
9 22 
9 25 
9 29 
9 15 
10 16 
10 19 
10 27 
10 11 
11 16 
11 17 
11 24 
11 28 
11 15 
12 16 
12 22 
12 24 
12 13 
13 16 
13 18 
13 21 
13 24 
13 27 
14 18 
14 19 
14 29 
14 15 
15 22 
15 24 
16 17 
16 20 
16 21 
16 25 
17 18 
17 19 
17 20 
17 23 
17 25 
18 26 
18 27 
18 28 
19 22 
19 24 
19 25 
19 26 
20 24 
20 26 
21 23 
21 27 
24 26 
24 28 
25 26 
25 27 
