1 18 
1 2 
1 19 
1 3 
1 4 
1 20 
1 5 
1 6 
1 9 
1 12 
1 13 
1 15 
2 3 
2 4 
2 6 
2 7 
2 8 
2 9 
2 10 
2 11 
2 13 
2 15 
2 16 
2 17 
2 20 
3 4 
3 6 
3 9 
3 10 
3 11 
3 12 
3 13 
3 15 
3 16 
3 17 
3 19 
4 17 
4 18 
4 19 
4 20 
4 6 
4 9 
4 10 
4 14 
5 17 
5 19 
5 20 
5 6 
5 7 
5 8 
5 9 
5 10 
5 12 
5 13 
5 15 
6 8 
6 10 
6 11 
6 12 
6 13 
6 14 
6 15 
6 16 
6 17 
6 18 
6 19 
7 16 
7 17 
7 20 
7 8 
7 9 
7 11 
7 12 
7 15 
8 18 
8 19 
8 20 
8 12 
8 14 
9 11 
9 12 
9 13 
9 15 
9 16 
9 18 
9 19 
10 16 
10 20 
10 11 
10 12 
10 13 
10 14 
10 15 
11 16 
11 20 
11 14 
12 13 
12 14 
12 15 
12 17 
12 19 
12 20 
13 16 
13 17 
13 18 
13 20 
14 16 
14 18 
14 20 
14 15 
15 16 
15 17 
15 19 
16 18 
16 19 
16 20 
17 18 
17 19 
18 20 
19 20 
