1 18 
1 19 
1 3 
1 20 
1 4 
1 7 
1 24 
1 10 
1 11 
1 12 
2 16 
2 18 
2 3 
2 4 
2 21 
2 7 
2 23 
2 9 
3 5 
3 7 
3 8 
3 9 
3 10 
3 11 
3 12 
3 13 
3 16 
3 18 
3 23 
3 24 
4 18 
4 5 
4 21 
4 6 
4 7 
4 8 
4 25 
4 9 
4 13 
5 16 
5 18 
5 19 
5 22 
5 7 
5 25 
5 10 
5 11 
5 14 
6 20 
6 23 
6 9 
6 10 
6 13 
6 14 
6 15 
7 8 
7 9 
7 10 
7 12 
7 13 
7 16 
7 18 
7 21 
7 25 
8 16 
8 21 
8 22 
8 25 
8 10 
8 14 
8 15 
9 17 
9 19 
9 25 
9 14 
10 11 
10 14 
10 15 
10 16 
10 20 
10 22 
10 23 
10 24 
10 25 
11 17 
11 18 
11 21 
11 24 
11 12 
12 16 
12 17 
12 19 
12 24 
12 15 
13 18 
13 19 
13 22 
13 23 
13 25 
13 14 
14 16 
14 18 
14 19 
14 22 
14 24 
14 25 
15 19 
15 20 
15 23 
16 20 
16 23 
16 24 
17 18 
17 20 
17 23 
17 24 
18 21 
18 23 
18 24 
19 24 
20 21 
20 22 
20 23 
21 22 
21 23 
21 25 
22 23 
23 24 
23 25 
24 25 
