1 5 
1 7 
1 12 
1 17 
1 19 
1 20 
1 22 
1 23 
1 25 
1 26 
1 27 
1 28 
1 29 
2 16 
2 18 
2 19 
2 3 
2 5 
2 23 
2 8 
2 11 
2 27 
2 14 
3 19 
3 21 
3 6 
3 7 
3 25 
3 27 
3 13 
3 15 
4 19 
4 21 
4 6 
4 7 
4 8 
4 9 
4 25 
4 26 
4 11 
4 12 
4 15 
5 16 
5 23 
5 8 
5 24 
5 27 
5 29 
6 18 
6 21 
6 22 
6 7 
6 28 
6 12 
7 18 
7 22 
7 25 
7 11 
7 12 
7 28 
7 29 
8 11 
8 14 
8 15 
8 16 
8 17 
8 20 
8 22 
8 23 
8 24 
8 26 
8 29 
9 20 
9 24 
9 25 
9 26 
9 29 
9 15 
10 18 
10 22 
10 23 
10 24 
10 28 
10 29 
10 13 
10 14 
10 15 
11 19 
11 20 
11 21 
11 22 
11 25 
11 27 
12 24 
12 25 
12 27 
12 28 
13 17 
13 21 
13 25 
14 18 
14 27 
15 17 
15 21 
15 22 
16 17 
16 19 
16 22 
16 23 
16 25 
16 27 
17 19 
17 24 
17 27 
18 25 
19 22 
19 26 
19 27 
20 23 
20 25 
20 26 
20 29 
21 24 
22 23 
22 26 
22 29 
23 29 
24 28 
25 27 
26 29 
