1 19 
1 20 
1 4 
1 22 
1 23 
1 8 
1 9 
1 10 
1 14 
2 16 
2 17 
2 18 
2 3 
2 19 
2 4 
2 20 
2 8 
2 9 
2 12 
2 15 
3 17 
3 18 
3 19 
3 20 
3 5 
3 21 
3 6 
3 22 
3 9 
3 12 
3 13 
4 5 
4 8 
4 9 
4 11 
4 12 
4 14 
4 16 
4 17 
4 18 
4 19 
4 20 
4 23 
5 6 
5 7 
5 8 
5 9 
5 10 
5 12 
5 13 
5 14 
5 16 
5 17 
5 20 
5 21 
5 22 
5 23 
6 16 
6 20 
6 23 
6 7 
6 8 
6 11 
6 12 
6 13 
6 14 
6 15 
7 16 
7 17 
7 20 
7 21 
7 9 
7 14 
7 15 
8 11 
8 12 
8 13 
8 16 
8 17 
8 18 
8 19 
8 20 
8 21 
8 23 
9 12 
9 13 
9 15 
9 19 
9 21 
9 22 
9 23 
10 16 
10 17 
10 18 
10 20 
10 21 
10 22 
10 23 
10 11 
10 14 
11 16 
11 17 
11 23 
11 13 
11 14 
12 14 
12 16 
12 18 
12 19 
12 20 
12 21 
12 22 
13 14 
13 16 
13 18 
13 19 
13 20 
13 22 
13 23 
14 17 
14 18 
14 19 
14 21 
14 22 
14 23 
15 19 
15 20 
15 22 
16 19 
16 20 
16 21 
16 22 
16 23 
18 19 
18 21 
18 23 
19 22 
19 23 
20 22 
21 23 
