1 16 
1 17 
1 2 
1 18 
1 4 
1 21 
1 22 
1 7 
1 23 
1 10 
1 14 
2 3 
2 5 
2 21 
2 6 
2 24 
2 25 
2 12 
2 14 
3 4 
3 5 
3 7 
3 9 
3 12 
3 13 
3 16 
3 18 
3 19 
3 20 
3 21 
3 22 
3 24 
3 26 
4 18 
4 22 
4 6 
4 23 
4 7 
4 24 
4 25 
4 26 
5 17 
5 20 
5 22 
5 24 
5 26 
5 10 
5 13 
5 14 
6 17 
6 22 
6 7 
6 23 
6 9 
6 25 
6 26 
6 13 
7 16 
7 21 
7 22 
7 24 
7 9 
7 12 
8 16 
8 17 
8 20 
8 22 
8 24 
8 10 
8 13 
8 14 
9 20 
9 24 
9 25 
9 26 
9 15 
10 13 
10 15 
10 16 
10 18 
10 19 
10 21 
10 23 
10 24 
10 25 
10 26 
11 19 
11 23 
11 26 
11 13 
11 14 
11 15 
12 18 
12 22 
12 24 
12 25 
12 26 
12 14 
13 16 
13 17 
13 18 
13 21 
13 23 
13 26 
14 16 
14 18 
14 19 
14 20 
14 23 
14 15 
15 16 
15 17 
15 19 
15 20 
15 22 
15 23 
15 24 
15 25 
16 17 
16 19 
16 20 
16 21 
16 22 
16 25 
17 20 
17 22 
17 24 
17 26 
18 19 
18 21 
18 22 
19 20 
19 26 
20 24 
21 25 
21 26 
22 23 
22 24 
24 25 
25 26 
