1 16 
1 18 
1 2 
1 3 
1 5 
1 21 
1 22 
1 8 
1 9 
1 10 
1 13 
2 3 
2 20 
2 5 
2 6 
2 7 
2 12 
2 15 
3 17 
3 19 
3 20 
3 4 
3 9 
3 10 
3 13 
3 14 
4 16 
4 20 
4 5 
4 6 
4 7 
4 23 
4 8 
4 12 
5 6 
5 10 
5 12 
5 13 
5 14 
5 15 
5 17 
5 19 
5 21 
5 23 
6 16 
6 20 
6 22 
6 7 
6 11 
6 12 
6 14 
7 16 
7 17 
7 23 
7 9 
7 11 
7 15 
8 16 
8 17 
8 19 
8 20 
8 21 
8 9 
8 13 
9 13 
9 14 
9 15 
9 16 
9 17 
9 20 
9 21 
9 22 
9 23 
10 16 
10 18 
10 19 
10 20 
10 23 
11 12 
12 17 
12 19 
12 21 
12 22 
12 13 
13 16 
13 17 
13 15 
14 16 
14 19 
14 20 
15 16 
15 19 
15 20 
15 21 
15 22 
17 18 
17 21 
17 22 
17 23 
18 19 
18 23 
19 20 
19 21 
19 22 
19 23 
20 21 
20 22 
20 23 
21 22 
22 23 
