1 18 
1 2 
1 19 
1 20 
1 5 
1 21 
1 9 
1 12 
1 13 
1 14 
2 16 
2 17 
2 19 
2 4 
2 6 
2 7 
2 23 
2 9 
2 10 
2 13 
3 17 
3 21 
3 6 
3 7 
3 23 
3 9 
3 15 
4 16 
4 18 
4 19 
4 21 
4 8 
4 9 
4 10 
4 12 
4 13 
5 19 
5 21 
5 6 
5 9 
5 10 
5 14 
6 17 
6 18 
6 8 
6 9 
6 10 
6 11 
6 13 
6 14 
7 16 
7 17 
7 8 
7 11 
7 14 
7 15 
8 17 
8 21 
8 9 
8 10 
8 12 
8 13 
9 10 
9 11 
9 12 
9 14 
9 15 
9 17 
9 20 
9 22 
9 23 
10 11 
10 12 
10 13 
10 18 
10 20 
10 21 
10 22 
11 16 
11 18 
11 19 
11 21 
11 12 
11 14 
11 15 
12 16 
12 17 
12 22 
12 23 
12 13 
12 15 
13 15 
13 16 
13 18 
13 19 
13 21 
13 22 
14 18 
14 20 
14 22 
14 23 
15 16 
15 17 
15 22 
16 22 
16 23 
17 18 
17 20 
17 22 
18 19 
18 20 
18 21 
18 22 
19 20 
19 21 
19 22 
20 21 
20 22 
20 23 
21 23 
