1 18 
1 19 
1 4 
1 5 
1 22 
1 8 
1 9 
1 29 
2 18 
2 20 
2 6 
2 22 
2 25 
2 26 
2 10 
2 11 
2 27 
2 28 
2 30 
3 4 
3 6 
3 25 
3 26 
3 27 
3 29 
4 19 
4 20 
4 7 
4 9 
4 10 
4 27 
4 28 
4 13 
4 29 
4 14 
5 7 
5 8 
5 11 
5 14 
5 15 
5 17 
5 20 
5 22 
5 23 
5 28 
5 29 
5 30 
6 10 
6 12 
6 14 
6 15 
6 16 
6 17 
6 19 
6 21 
6 23 
6 24 
6 25 
6 27 
6 28 
7 10 
7 11 
7 13 
7 16 
7 19 
7 20 
7 22 
7 24 
7 27 
7 28 
7 30 
8 10 
8 12 
8 16 
8 17 
8 18 
8 19 
8 20 
8 21 
8 24 
8 29 
8 30 
9 16 
9 19 
9 20 
9 23 
9 24 
9 27 
9 28 
9 14 
9 15 
10 19 
10 24 
10 27 
10 12 
10 14 
10 30 
11 16 
11 19 
11 20 
11 23 
11 24 
11 15 
12 19 
12 20 
12 26 
12 30 
13 21 
13 24 
13 26 
13 27 
13 14 
14 17 
14 22 
14 23 
15 18 
15 19 
15 20 
15 21 
15 22 
15 30 
16 20 
16 21 
16 22 
16 25 
17 22 
17 23 
17 24 
17 30 
18 19 
18 24 
18 26 
18 27 
19 28 
19 29 
20 24 
20 25 
20 28 
21 23 
21 24 
21 29 
22 24 
23 25 
24 25 
24 26 
24 27 
24 29 
24 30 
25 30 
27 28 
