1 32 
1 17 
1 22 
1 9 
1 13 
1 30 
2 32 
2 20 
2 5 
2 14 
3 16 
3 20 
3 4 
3 8 
3 15 
4 17 
4 19 
4 20 
4 22 
4 8 
4 9 
4 13 
5 18 
5 6 
5 7 
5 8 
5 27 
5 13 
5 31 
6 22 
6 10 
6 29 
6 15 
7 32 
7 23 
7 27 
7 28 
8 32 
8 17 
8 11 
8 28 
8 29 
8 14 
9 21 
9 24 
9 28 
9 14 
11 16 
11 20 
11 26 
11 27 
11 12 
11 30 
12 16 
12 21 
12 22 
14 20 
15 17 
15 19 
15 20 
15 25 
15 26 
15 28 
17 21 
18 26 
19 20 
19 21 
19 22 
19 29 
20 32 
20 24 
21 32 
22 26 
23 24 
24 28 
25 26 
26 29 
26 31 
28 31 
29 30 
