1 23 
1 8 
1 24 
1 12 
1 14 
1 15 
2 16 
2 17 
2 18 
2 4 
2 23 
2 11 
2 27 
3 32 
3 17 
3 18 
3 21 
3 8 
3 28 
3 30 
3 15 
4 19 
4 22 
4 26 
4 29 
5 17 
5 6 
5 24 
5 27 
5 15 
6 20 
6 7 
6 12 
6 29 
6 30 
7 17 
7 24 
7 30 
7 31 
8 16 
8 17 
8 23 
8 11 
8 31 
9 16 
9 19 
9 26 
9 28 
9 29 
9 31 
10 32 
10 19 
10 20 
10 22 
10 24 
11 22 
11 29 
12 17 
13 21 
13 23 
13 26 
14 17 
14 22 
14 26 
14 31 
15 32 
15 27 
16 32 
16 17 
16 18 
16 24 
16 25 
17 32 
18 19 
18 22 
18 26 
19 20 
19 22 
19 25 
20 23 
20 27 
20 28 
20 30 
21 32 
21 30 
22 30 
25 32 
27 28 
28 29 
28 31 
