1 4 
1 5 
1 22 
1 8 
1 29 
1 30 
2 17 
2 3 
2 5 
2 23 
2 27 
2 29 
2 30 
3 18 
3 4 
3 5 
3 21 
3 6 
3 7 
3 25 
3 26 
3 29 
4 16 
4 19 
4 21 
4 5 
4 7 
4 9 
4 26 
4 11 
4 12 
5 6 
5 7 
5 13 
5 14 
5 18 
5 20 
5 22 
5 23 
5 25 
5 28 
5 29 
6 23 
6 8 
6 24 
6 26 
6 27 
6 12 
6 14 
6 15 
7 20 
7 21 
7 8 
7 29 
7 15 
8 16 
8 18 
8 19 
8 21 
8 25 
8 13 
9 17 
9 21 
9 22 
9 29 
9 14 
9 15 
10 16 
10 18 
10 24 
10 11 
10 12 
10 30 
11 19 
11 22 
11 25 
11 26 
12 23 
12 13 
13 20 
13 21 
13 28 
13 30 
13 14 
14 19 
14 15 
15 16 
15 19 
15 29 
16 18 
16 20 
16 21 
16 22 
16 25 
17 26 
17 28 
18 22 
18 24 
18 26 
19 21 
19 25 
20 24 
20 25 
21 23 
21 28 
22 29 
23 25 
24 28 
24 29 
25 29 
