1 2 
1 4 
1 5 
1 9 
1 11 
1 12 
1 13 
1 14 
1 15 
1 16 
1 18 
1 19 
1 20 
2 4 
2 5 
2 6 
2 8 
2 10 
2 11 
2 12 
2 13 
2 15 
2 16 
2 17 
2 20 
3 16 
3 17 
3 18 
3 19 
3 4 
3 5 
3 6 
3 7 
3 9 
4 5 
4 6 
4 7 
4 9 
4 10 
4 11 
4 12 
4 14 
4 16 
4 17 
4 19 
5 7 
5 8 
5 9 
5 11 
5 14 
5 16 
5 17 
5 18 
5 19 
5 20 
6 16 
6 17 
6 18 
6 19 
6 8 
6 9 
6 12 
6 14 
6 15 
7 16 
7 10 
7 12 
7 14 
8 16 
8 17 
8 20 
8 12 
8 14 
8 15 
9 20 
9 13 
10 16 
10 18 
10 20 
10 11 
10 13 
10 14 
11 16 
11 17 
11 18 
11 20 
11 13 
11 14 
11 15 
12 20 
12 13 
12 14 
12 15 
13 16 
13 17 
13 19 
13 20 
13 14 
13 15 
14 16 
14 17 
14 19 
14 20 
15 19 
15 20 
16 17 
16 19 
16 20 
18 19 
18 20 
