1 17 
1 18 
1 19 
1 3 
1 20 
1 6 
1 7 
1 23 
1 25 
1 26 
1 14 
1 31 
2 4 
2 24 
2 10 
2 11 
2 27 
2 28 
2 14 
3 18 
3 20 
3 7 
3 8 
3 25 
3 11 
3 27 
3 12 
3 30 
3 15 
4 32 
4 16 
4 19 
4 20 
4 7 
4 8 
4 26 
4 27 
4 30 
4 14 
4 15 
5 32 
5 9 
5 11 
5 12 
5 13 
5 15 
5 16 
5 17 
5 19 
5 20 
5 21 
5 24 
5 27 
5 30 
6 18 
6 7 
6 25 
6 26 
6 27 
6 29 
7 16 
7 20 
7 23 
7 26 
7 11 
7 14 
8 17 
8 23 
8 25 
8 26 
8 28 
8 29 
8 14 
8 15 
9 16 
9 19 
9 24 
9 10 
9 13 
9 29 
10 17 
10 19 
10 20 
10 22 
10 29 
11 17 
11 24 
11 25 
11 26 
11 27 
11 29 
11 14 
12 27 
12 13 
12 31 
13 20 
13 21 
13 24 
13 25 
13 27 
14 17 
14 21 
14 23 
14 24 
14 28 
14 30 
15 32 
15 23 
15 24 
15 25 
15 27 
16 32 
16 19 
16 22 
16 25 
16 27 
17 18 
17 26 
17 27 
18 32 
18 28 
19 21 
19 29 
19 31 
20 22 
20 27 
20 28 
21 32 
21 25 
21 27 
22 27 
22 31 
23 32 
23 26 
24 29 
25 32 
26 32 
28 32 
28 31 
31 32 
