1 18 
1 2 
1 4 
1 22 
1 8 
1 26 
1 28 
1 31 
2 16 
2 19 
2 5 
2 21 
2 14 
2 31 
3 18 
3 23 
3 9 
3 25 
3 12 
3 29 
3 30 
4 18 
4 9 
4 26 
4 27 
4 13 
4 14 
5 19 
5 7 
5 25 
5 26 
5 27 
5 29 
5 14 
5 31 
6 19 
6 21 
6 9 
6 27 
6 11 
6 12 
6 29 
6 15 
6 31 
7 20 
7 22 
7 23 
7 24 
7 25 
7 10 
7 11 
7 27 
7 30 
8 16 
8 17 
8 22 
8 25 
8 26 
8 14 
9 16 
9 18 
9 19 
9 22 
9 25 
9 26 
9 11 
9 31 
9 15 
10 22 
10 12 
10 15 
11 32 
11 17 
11 21 
11 15 
12 22 
12 26 
12 28 
12 13 
12 14 
12 30 
12 31 
13 19 
13 23 
13 25 
13 27 
13 14 
14 18 
14 23 
14 24 
14 28 
14 29 
14 15 
15 32 
15 17 
15 20 
15 23 
15 30 
15 31 
16 18 
16 19 
16 20 
16 23 
16 24 
16 25 
16 26 
16 29 
17 25 
17 28 
17 31 
18 32 
18 19 
18 27 
18 28 
18 30 
19 32 
19 21 
19 24 
19 25 
19 26 
19 31 
20 24 
20 27 
21 22 
21 27 
21 28 
21 29 
21 31 
22 23 
22 29 
23 25 
23 29 
24 27 
24 30 
25 26 
25 27 
25 29 
25 30 
28 32 
28 30 
