1 18 
1 4 
1 8 
1 9 
1 12 
1 13 
2 16 
2 6 
2 24 
2 28 
3 16 
3 17 
3 5 
3 7 
3 25 
3 27 
4 16 
4 17 
4 9 
4 11 
4 14 
5 18 
5 20 
5 21 
6 16 
6 17 
6 21 
6 8 
6 12 
6 13 
6 14 
7 17 
7 18 
7 8 
7 10 
8 19 
8 20 
8 9 
8 10 
8 12 
8 28 
9 18 
9 24 
10 16 
10 18 
10 19 
10 20 
10 22 
10 27 
11 17 
11 19 
11 21 
11 25 
11 27 
12 17 
12 18 
12 20 
12 22 
12 15 
13 19 
13 27 
14 22 
14 25 
15 16 
15 19 
15 23 
15 25 
15 26 
15 29 
16 17 
16 21 
18 19 
18 21 
19 23 
19 24 
19 28 
20 22 
20 23 
20 25 
21 28 
22 23 
23 24 
23 26 
24 26 
24 28 
24 29 
25 27 
26 27 
26 28 
28 29 
