1 2 
1 21 
1 7 
1 24 
1 8 
1 25 
1 27 
1 12 
1 14 
2 18 
2 4 
2 22 
2 27 
3 6 
3 8 
3 9 
3 25 
3 28 
3 13 
4 20 
4 6 
4 10 
4 29 
5 20 
5 6 
5 11 
5 13 
6 18 
6 20 
6 9 
6 26 
6 11 
6 14 
6 15 
7 16 
7 20 
7 28 
7 12 
8 17 
8 21 
8 26 
8 28 
9 20 
9 22 
9 10 
9 27 
9 28 
9 30 
9 15 
10 22 
10 24 
10 25 
10 14 
11 12 
11 14 
11 15 
12 16 
12 26 
12 29 
13 22 
13 27 
13 29 
14 17 
14 18 
14 20 
14 24 
15 18 
15 24 
15 30 
16 17 
16 19 
16 25 
16 26 
16 30 
18 25 
18 26 
18 30 
19 25 
19 26 
19 28 
20 27 
21 23 
22 24 
22 26 
22 29 
24 25 
24 27 
24 28 
27 28 
27 29 
