1 16 
1 3 
1 20 
1 5 
1 22 
1 8 
1 10 
1 13 
1 14 
1 15 
2 5 
2 22 
2 7 
2 23 
2 12 
3 22 
3 24 
3 12 
3 14 
4 16 
4 18 
4 5 
4 8 
4 25 
4 10 
4 15 
5 6 
5 8 
5 15 
6 17 
6 20 
6 21 
6 24 
6 8 
6 25 
6 12 
6 15 
7 16 
7 17 
7 19 
7 22 
7 25 
7 10 
7 13 
7 14 
7 15 
8 9 
8 13 
8 14 
9 16 
9 20 
9 23 
9 13 
9 14 
10 11 
10 12 
10 13 
10 14 
10 16 
10 18 
10 19 
10 22 
10 24 
10 25 
11 19 
11 21 
12 25 
12 13 
12 15 
13 19 
13 20 
13 23 
14 15 
15 16 
15 17 
16 18 
16 25 
17 20 
17 22 
17 24 
18 24 
18 25 
19 24 
20 21 
20 22 
20 23 
21 23 
21 25 
22 25 
23 25 
