1 17 
1 2 
1 19 
1 4 
1 5 
1 6 
1 9 
1 11 
1 15 
2 4 
2 7 
2 10 
2 11 
2 13 
2 14 
2 15 
3 17 
3 18 
3 19 
3 4 
3 6 
3 7 
3 8 
3 9 
3 10 
3 11 
4 17 
4 19 
4 20 
4 9 
4 10 
4 12 
4 14 
5 17 
5 7 
5 9 
5 10 
5 11 
5 12 
5 13 
5 14 
6 16 
6 17 
6 19 
6 7 
6 13 
7 16 
7 18 
7 19 
7 20 
7 13 
8 18 
8 10 
8 12 
9 16 
9 18 
9 20 
9 10 
9 12 
9 13 
9 14 
9 15 
10 11 
10 12 
10 14 
10 15 
10 16 
10 17 
10 18 
10 20 
11 20 
11 12 
11 14 
11 15 
12 17 
12 18 
12 13 
12 14 
12 15 
13 18 
13 20 
13 14 
13 15 
14 16 
14 17 
15 16 
16 19 
16 20 
18 19 
19 20 
