1 4 
1 23 
1 8 
1 27 
1 12 
1 13 
1 31 
2 16 
2 21 
2 22 
2 23 
2 27 
2 12 
3 4 
3 26 
3 27 
3 28 
3 13 
3 14 
3 30 
3 31 
4 32 
4 16 
4 20 
4 21 
4 22 
4 30 
5 16 
5 7 
5 8 
5 27 
5 13 
5 31 
6 16 
6 22 
6 8 
6 24 
6 28 
6 30 
6 31 
7 17 
7 8 
7 10 
7 27 
7 14 
7 15 
8 19 
8 23 
8 9 
8 11 
8 12 
8 13 
8 14 
9 20 
9 23 
9 10 
9 27 
10 16 
10 17 
10 19 
10 25 
10 26 
11 23 
11 25 
11 26 
11 15 
12 19 
12 25 
12 26 
12 29 
12 15 
12 31 
13 32 
13 24 
13 27 
13 28 
13 31 
14 32 
14 25 
14 26 
15 20 
15 22 
15 28 
15 29 
16 21 
16 23 
16 28 
16 30 
17 27 
17 28 
17 30 
18 32 
18 24 
18 26 
19 32 
19 26 
19 30 
20 21 
20 27 
20 30 
21 22 
21 23 
21 25 
21 26 
21 28 
22 32 
22 24 
22 29 
22 30 
23 28 
24 25 
24 28 
24 30 
25 27 
26 29 
28 29 
28 30 
29 32 
29 31 
30 31 
