1 16 
1 2 
1 18 
1 3 
1 20 
1 4 
1 5 
1 9 
1 12 
1 14 
2 16 
2 4 
2 5 
2 7 
2 9 
2 10 
2 11 
2 13 
2 14 
2 15 
3 4 
3 6 
3 7 
3 8 
3 10 
3 13 
3 14 
3 15 
3 16 
3 17 
3 18 
3 20 
4 16 
4 18 
4 19 
4 20 
4 7 
4 10 
4 12 
4 14 
4 15 
5 17 
5 18 
5 20 
5 6 
5 7 
5 10 
5 11 
5 15 
6 8 
6 9 
6 10 
6 11 
6 12 
6 13 
6 15 
6 16 
6 17 
6 18 
6 20 
7 8 
7 10 
7 11 
7 12 
7 13 
7 15 
7 16 
7 18 
7 19 
8 16 
8 17 
8 19 
8 20 
8 10 
8 13 
8 14 
9 16 
9 17 
9 18 
9 13 
9 14 
9 15 
10 17 
10 19 
10 20 
11 16 
11 18 
11 19 
11 20 
11 12 
11 13 
11 14 
11 15 
12 17 
13 16 
13 17 
13 18 
13 20 
13 14 
14 18 
14 20 
15 17 
15 18 
16 17 
16 18 
16 19 
16 20 
17 19 
18 19 
18 20 
