1 16 
1 2 
1 25 
1 27 
1 28 
2 18 
2 3 
2 26 
2 12 
3 21 
3 8 
3 24 
3 26 
4 16 
4 21 
4 7 
4 24 
4 9 
4 10 
4 27 
4 12 
5 20 
5 22 
5 26 
5 12 
5 14 
6 19 
6 26 
6 14 
7 17 
7 19 
7 21 
7 22 
7 27 
8 28 
8 15 
9 16 
9 19 
9 20 
9 23 
10 21 
10 22 
11 16 
11 18 
11 21 
11 26 
11 27 
11 28 
11 14 
12 17 
12 23 
12 28 
13 19 
13 21 
13 27 
14 25 
14 26 
14 27 
15 22 
15 28 
16 17 
16 21 
16 22 
16 28 
17 21 
17 22 
17 23 
18 19 
18 20 
18 23 
18 28 
19 20 
19 27 
20 23 
21 23 
21 28 
22 23 
22 27 
24 29 
26 29 
