1 17 
1 18 
1 19 
1 6 
1 23 
1 7 
1 8 
1 9 
1 26 
1 15 
2 16 
2 3 
2 20 
2 22 
2 7 
2 8 
2 15 
3 20 
3 4 
3 22 
3 23 
3 24 
3 8 
3 9 
3 25 
3 26 
4 16 
4 20 
4 23 
4 24 
4 8 
4 26 
4 10 
4 15 
5 16 
5 17 
5 19 
5 20 
5 22 
5 14 
5 15 
6 20 
6 22 
6 25 
6 9 
6 10 
6 26 
6 12 
7 16 
7 22 
7 26 
7 10 
7 11 
7 12 
7 15 
8 18 
8 19 
8 22 
8 24 
8 25 
8 11 
8 15 
9 16 
9 20 
9 21 
9 24 
10 22 
10 23 
10 24 
10 11 
10 15 
11 17 
11 19 
11 20 
11 24 
11 14 
11 15 
12 18 
12 22 
12 23 
12 15 
13 18 
13 19 
13 21 
13 25 
13 26 
14 20 
14 26 
15 17 
15 18 
15 19 
16 17 
16 20 
16 22 
16 26 
17 26 
18 21 
18 23 
18 24 
19 22 
20 22 
21 22 
21 23 
21 25 
22 23 
22 24 
22 25 
22 26 
23 25 
25 26 
