1 20 
1 22 
1 6 
1 26 
1 27 
1 11 
1 28 
1 13 
2 19 
2 20 
2 21 
2 5 
2 6 
2 7 
2 8 
2 24 
2 11 
2 29 
2 13 
2 14 
3 20 
3 4 
3 22 
3 7 
3 23 
3 8 
3 24 
3 25 
3 10 
3 13 
3 15 
4 18 
4 5 
4 21 
4 23 
4 24 
4 25 
4 26 
4 11 
4 27 
4 12 
4 28 
5 17 
5 7 
5 26 
5 10 
5 29 
5 14 
5 15 
6 7 
6 9 
6 13 
6 14 
6 17 
6 18 
6 21 
6 22 
6 23 
6 24 
6 26 
6 29 
7 25 
7 26 
7 14 
8 16 
8 18 
8 19 
8 20 
8 25 
8 10 
8 11 
8 29 
9 16 
9 17 
9 18 
9 22 
9 25 
9 28 
9 29 
10 16 
10 21 
10 22 
10 25 
10 27 
10 28 
10 12 
10 14 
11 19 
11 20 
11 24 
11 27 
11 13 
12 21 
12 22 
12 23 
12 24 
12 25 
12 26 
12 13 
13 17 
13 18 
13 19 
13 20 
13 28 
14 16 
14 19 
15 19 
15 21 
15 23 
15 27 
15 29 
16 21 
16 24 
16 29 
17 19 
17 24 
17 25 
17 26 
17 27 
17 29 
18 21 
18 22 
18 25 
18 27 
18 29 
19 20 
19 24 
19 25 
19 26 
19 27 
19 28 
20 21 
20 25 
20 27 
21 24 
21 26 
22 23 
22 26 
22 27 
23 26 
23 29 
24 26 
24 28 
25 27 
25 29 
26 27 
26 28 
27 28 
27 29 
28 29 
