1 18 
1 21 
1 5 
1 9 
1 11 
1 13 
2 16 
2 18 
2 3 
2 20 
2 11 
2 12 
3 6 
3 22 
3 23 
3 25 
3 9 
3 26 
3 15 
4 16 
4 17 
4 23 
4 24 
4 11 
5 17 
5 18 
5 21 
5 24 
5 11 
5 13 
6 17 
6 20 
6 22 
6 25 
6 26 
6 12 
6 14 
7 18 
7 21 
7 23 
7 24 
7 8 
7 9 
7 26 
7 13 
8 18 
8 19 
8 23 
8 24 
8 25 
8 11 
9 16 
9 20 
9 11 
9 12 
9 14 
10 17 
10 18 
10 20 
10 12 
10 14 
11 17 
11 24 
11 25 
11 26 
11 14 
11 15 
12 20 
12 21 
12 23 
12 26 
12 13 
13 17 
13 18 
13 24 
13 25 
13 26 
13 14 
14 16 
14 17 
14 22 
14 25 
14 26 
15 19 
15 22 
16 17 
16 19 
17 18 
17 23 
17 25 
18 21 
18 24 
18 25 
19 24 
19 25 
21 22 
21 26 
22 23 
22 25 
23 26 
