1 16 
1 17 
1 2 
1 4 
1 6 
1 7 
1 9 
1 10 
1 13 
1 14 
2 18 
2 20 
2 5 
2 21 
2 24 
2 10 
2 11 
2 13 
2 14 
3 18 
3 19 
3 4 
3 5 
3 21 
3 10 
3 11 
3 15 
4 21 
4 5 
4 22 
4 25 
5 6 
5 7 
5 12 
5 13 
5 14 
5 15 
5 16 
5 17 
5 23 
5 24 
6 16 
6 18 
6 22 
6 7 
6 24 
6 13 
6 14 
6 15 
7 17 
7 19 
7 21 
7 8 
7 10 
7 13 
7 14 
7 15 
8 17 
8 19 
8 21 
8 22 
9 16 
9 17 
9 18 
9 20 
9 22 
9 24 
10 20 
10 22 
10 24 
10 25 
10 11 
11 16 
11 18 
11 22 
11 25 
11 13 
12 16 
12 18 
12 19 
12 24 
12 14 
13 20 
13 24 
13 14 
13 15 
14 16 
14 19 
14 20 
14 22 
14 15 
15 17 
15 20 
15 21 
15 24 
15 25 
16 20 
16 21 
16 22 
17 19 
17 24 
18 19 
18 25 
19 22 
20 21 
20 23 
21 22 
21 24 
21 25 
22 24 
