1 2 
1 4 
1 5 
1 6 
1 7 
1 8 
1 9 
1 11 
1 12 
1 13 
1 14 
1 15 
1 16 
1 17 
1 21 
1 22 
1 25 
2 17 
2 18 
2 3 
2 4 
2 7 
2 24 
2 25 
2 9 
2 13 
3 4 
3 21 
3 5 
3 6 
3 9 
3 11 
3 12 
3 15 
4 19 
4 20 
4 21 
4 23 
4 8 
4 24 
4 12 
4 13 
4 14 
5 7 
5 8 
5 9 
5 11 
5 13 
5 14 
5 15 
5 16 
5 17 
5 20 
5 21 
5 23 
5 24 
6 16 
6 22 
6 23 
6 11 
6 14 
7 18 
7 20 
7 21 
7 8 
7 24 
7 10 
7 13 
7 15 
8 16 
8 19 
8 22 
8 23 
8 24 
8 25 
8 11 
8 14 
9 16 
9 17 
9 23 
9 24 
9 10 
9 12 
9 15 
10 20 
10 25 
10 11 
10 12 
10 13 
11 15 
11 18 
11 21 
11 22 
11 23 
11 24 
11 25 
12 19 
12 20 
12 21 
12 22 
12 24 
12 14 
13 21 
13 22 
13 24 
13 25 
13 15 
14 17 
14 23 
14 24 
15 17 
15 18 
15 20 
15 21 
15 25 
16 19 
16 20 
16 22 
16 24 
17 19 
17 21 
17 23 
17 24 
18 19 
19 23 
20 21 
21 22 
21 24 
21 25 
23 25 
