1 5 
1 25 
1 28 
1 29 
1 15 
2 17 
2 4 
2 7 
2 24 
2 9 
2 27 
2 28 
2 29 
3 17 
3 22 
3 24 
3 28 
4 5 
4 6 
4 7 
4 8 
4 10 
4 27 
4 28 
4 14 
5 18 
5 9 
5 28 
5 12 
5 13 
6 18 
6 19 
6 26 
6 28 
6 15 
7 21 
7 11 
7 12 
8 18 
8 10 
8 27 
8 12 
8 15 
9 23 
9 26 
9 27 
10 19 
10 21 
10 11 
10 28 
11 20 
11 29 
12 19 
12 20 
12 21 
13 19 
13 21 
14 20 
14 21 
14 23 
15 21 
15 23 
16 18 
16 19 
16 21 
16 23 
17 19 
17 20 
17 21 
17 23 
19 24 
20 27 
20 28 
20 29 
22 23 
22 24 
22 28 
23 24 
23 25 
25 26 
