1 32 
1 2 
1 3 
1 5 
1 6 
1 12 
1 14 
1 15 
1 16 
1 17 
1 21 
1 22 
1 23 
1 26 
2 32 
2 6 
2 7 
2 9 
2 26 
2 27 
2 15 
3 32 
3 18 
3 8 
3 26 
3 11 
3 27 
3 29 
3 30 
3 31 
3 15 
4 21 
4 5 
4 24 
4 12 
5 16 
5 19 
5 20 
5 21 
5 27 
5 14 
6 16 
6 20 
6 23 
6 8 
6 24 
6 25 
6 12 
6 28 
7 16 
7 17 
7 21 
7 24 
7 9 
7 26 
7 27 
7 28 
8 22 
8 29 
9 32 
9 20 
9 22 
9 23 
9 12 
9 29 
10 16 
10 18 
10 22 
10 23 
10 25 
10 27 
10 28 
10 12 
10 29 
10 30 
10 14 
10 31 
11 16 
11 25 
11 28 
11 14 
11 31 
12 17 
12 20 
13 18 
13 26 
13 31 
14 17 
14 23 
14 25 
14 29 
14 31 
15 32 
15 19 
15 20 
15 24 
15 31 
16 17 
16 18 
16 23 
16 26 
17 18 
17 19 
17 20 
17 21 
17 23 
17 24 
17 26 
17 27 
19 23 
19 26 
19 27 
19 29 
20 22 
20 27 
20 28 
21 22 
21 23 
21 24 
21 26 
21 27 
21 29 
21 31 
22 24 
22 26 
24 26 
24 27 
25 32 
25 26 
25 27 
25 29 
26 32 
26 27 
26 30 
27 28 
27 29 
28 32 
29 32 
29 30 
29 31 
