1 4 
1 20 
1 5 
1 6 
1 23 
1 28 
1 30 
2 17 
2 20 
2 9 
2 12 
2 15 
3 19 
3 23 
3 8 
3 25 
3 14 
4 24 
4 25 
5 21 
5 28 
6 32 
6 19 
6 8 
6 26 
6 11 
7 20 
7 23 
7 8 
7 9 
7 10 
7 30 
8 32 
8 21 
8 23 
8 27 
9 29 
9 15 
10 17 
10 18 
10 20 
10 14 
11 32 
11 16 
11 21 
11 22 
12 21 
12 22 
12 28 
13 27 
14 32 
14 24 
15 21 
15 26 
15 27 
15 31 
16 18 
16 20 
17 23 
17 25 
17 26 
17 31 
18 32 
18 21 
18 23 
19 22 
19 24 
19 25 
20 23 
20 28 
21 23 
21 24 
22 29 
22 30 
24 26 
24 31 
25 26 
25 27 
25 31 
26 32 
