1 18 
1 20 
1 24 
1 25 
1 26 
1 14 
2 16 
2 3 
2 25 
2 10 
2 12 
2 13 
3 17 
3 19 
3 20 
3 8 
3 24 
4 19 
4 20 
4 5 
4 23 
4 7 
4 24 
4 25 
4 9 
4 11 
4 14 
5 17 
5 20 
5 22 
5 23 
5 7 
5 24 
5 10 
5 11 
5 12 
5 13 
5 14 
6 17 
6 18 
6 25 
6 9 
6 26 
6 14 
6 15 
7 18 
7 8 
7 25 
7 26 
7 12 
7 13 
7 15 
8 18 
8 20 
8 21 
8 23 
8 24 
8 10 
8 26 
8 11 
9 18 
9 20 
9 22 
9 24 
10 22 
10 23 
10 25 
10 26 
10 14 
11 18 
11 22 
11 23 
11 13 
12 25 
12 14 
12 15 
13 17 
13 20 
13 21 
13 22 
13 23 
13 26 
14 16 
14 18 
14 19 
14 23 
15 21 
15 26 
16 22 
16 24 
16 26 
17 24 
19 25 
20 25 
20 26 
21 24 
21 26 
22 25 
22 26 
25 26 
