1 16 
1 17 
1 2 
1 18 
1 4 
1 5 
1 23 
1 8 
1 24 
1 25 
1 26 
1 12 
2 16 
2 4 
2 21 
2 6 
2 23 
2 9 
2 12 
3 16 
3 4 
3 7 
3 9 
3 26 
3 14 
4 6 
4 7 
4 13 
4 14 
4 16 
4 17 
4 18 
4 20 
4 21 
4 22 
4 24 
4 25 
5 16 
5 20 
5 21 
5 6 
5 23 
5 7 
5 26 
5 13 
6 16 
6 20 
6 8 
6 24 
6 9 
6 10 
6 12 
6 15 
7 17 
7 18 
7 21 
8 10 
8 12 
8 16 
8 17 
8 18 
8 19 
8 20 
8 21 
8 22 
8 23 
8 24 
8 25 
9 17 
9 21 
9 26 
9 13 
10 18 
10 20 
10 22 
11 19 
11 20 
11 22 
11 23 
11 25 
12 13 
12 14 
12 15 
12 16 
12 19 
12 20 
12 21 
12 23 
12 26 
13 18 
13 19 
13 21 
13 23 
13 26 
14 21 
14 22 
14 23 
14 25 
15 18 
15 21 
16 18 
16 21 
16 22 
16 25 
17 22 
17 23 
18 21 
18 22 
18 24 
18 26 
19 20 
19 21 
19 25 
20 21 
21 22 
21 24 
22 24 
22 26 
23 25 
23 26 
