1 5 
1 6 
1 7 
1 8 
1 9 
1 10 
1 11 
1 12 
1 14 
1 15 
1 17 
1 18 
1 19 
1 20 
1 22 
1 25 
2 3 
2 4 
2 5 
2 7 
2 10 
2 11 
2 14 
2 15 
2 16 
2 18 
2 19 
2 20 
2 23 
3 4 
3 5 
3 6 
3 8 
3 9 
3 11 
3 12 
3 13 
3 14 
3 16 
3 17 
3 19 
3 20 
3 23 
4 5 
4 9 
4 10 
4 12 
4 14 
4 16 
4 18 
4 19 
4 20 
4 23 
4 24 
5 7 
5 8 
5 11 
5 12 
5 14 
5 15 
5 16 
5 19 
5 20 
5 22 
5 23 
5 24 
5 25 
6 16 
6 21 
6 24 
6 10 
6 11 
7 18 
7 19 
7 20 
7 22 
7 8 
7 9 
7 11 
7 12 
7 13 
8 16 
8 21 
8 22 
8 23 
8 9 
8 11 
9 12 
9 13 
9 15 
9 17 
9 18 
9 19 
9 20 
9 21 
9 22 
10 19 
10 21 
10 22 
10 24 
10 25 
10 11 
10 13 
10 14 
11 14 
11 17 
11 18 
11 19 
11 23 
12 16 
12 17 
12 21 
12 25 
13 16 
13 21 
13 25 
13 14 
14 17 
14 19 
14 21 
15 24 
15 25 
16 17 
16 18 
16 19 
16 20 
16 21 
16 22 
16 23 
16 24 
17 18 
17 20 
17 22 
17 23 
17 24 
17 25 
18 19 
18 20 
19 21 
19 22 
19 23 
19 24 
19 25 
20 21 
20 25 
21 24 
22 23 
22 24 
23 24 
24 25 
