1 21 
1 24 
1 28 
1 13 
1 15 
2 19 
2 20 
2 22 
2 25 
2 10 
2 12 
2 28 
2 29 
2 31 
3 5 
3 21 
3 23 
3 24 
3 27 
4 32 
4 16 
4 17 
4 21 
4 5 
4 7 
4 24 
4 8 
4 29 
4 15 
5 16 
5 32 
5 19 
5 22 
5 9 
5 25 
5 10 
5 13 
6 26 
6 14 
7 17 
7 9 
7 26 
7 27 
7 28 
7 14 
8 16 
8 26 
8 13 
8 29 
8 14 
8 31 
9 32 
9 18 
9 19 
9 23 
9 24 
9 12 
9 30 
10 32 
10 19 
10 20 
10 21 
10 25 
10 11 
11 16 
11 22 
11 27 
11 13 
12 16 
12 24 
12 27 
12 28 
12 14 
12 30 
13 19 
13 21 
13 30 
13 15 
14 17 
14 25 
14 27 
14 15 
15 20 
15 28 
15 29 
16 32 
16 20 
16 24 
16 28 
17 25 
17 26 
17 27 
17 29 
17 30 
18 22 
18 23 
18 26 
18 27 
18 28 
19 28 
19 31 
20 32 
20 23 
21 32 
21 22 
21 26 
22 23 
22 24 
22 27 
23 26 
23 28 
24 28 
25 27 
26 28 
26 29 
26 31 
27 29 
27 30 
27 31 
30 31 
