1 2 
1 4 
1 5 
1 6 
1 8 
1 10 
1 15 
1 16 
1 17 
1 19 
1 20 
1 22 
1 25 
1 26 
2 3 
2 20 
2 21 
2 6 
2 25 
2 10 
2 26 
2 11 
2 14 
3 16 
3 17 
3 19 
3 20 
3 5 
3 23 
3 8 
3 25 
3 13 
3 15 
4 17 
4 19 
4 5 
4 7 
4 24 
4 12 
4 14 
4 15 
5 8 
5 11 
5 13 
5 14 
5 17 
5 19 
5 20 
5 22 
5 24 
5 25 
5 26 
6 18 
6 19 
6 21 
6 22 
6 23 
6 8 
6 9 
6 26 
6 11 
7 16 
7 20 
7 25 
7 26 
7 14 
8 18 
8 19 
8 20 
8 21 
8 24 
8 10 
8 11 
9 18 
9 19 
9 23 
9 24 
9 10 
9 26 
9 11 
9 14 
9 15 
10 17 
10 18 
10 20 
10 22 
10 13 
10 14 
10 15 
11 12 
11 15 
11 16 
11 18 
11 19 
11 20 
11 21 
11 23 
11 26 
12 16 
12 17 
12 22 
12 25 
12 13 
13 16 
13 20 
13 23 
13 24 
13 14 
13 15 
14 17 
14 19 
15 17 
15 18 
15 19 
15 20 
15 22 
16 18 
16 19 
16 20 
16 21 
16 22 
17 20 
17 21 
17 22 
18 19 
18 20 
18 25 
18 26 
19 20 
19 22 
19 25 
19 26 
20 21 
20 25 
21 26 
22 25 
23 24 
23 26 
24 25 
24 26 
