1 17 
1 18 
1 6 
1 22 
1 12 
2 17 
2 19 
2 9 
2 10 
2 26 
3 16 
3 17 
3 19 
3 6 
3 10 
3 15 
4 18 
4 20 
4 24 
4 11 
4 15 
5 7 
5 25 
5 12 
5 14 
6 18 
6 19 
6 9 
6 13 
6 14 
7 20 
7 23 
7 12 
7 14 
7 15 
8 21 
8 23 
8 24 
8 10 
8 15 
9 19 
9 20 
9 22 
9 24 
9 10 
9 13 
10 17 
10 18 
10 20 
10 26 
11 20 
11 23 
11 25 
11 12 
11 13 
11 14 
12 18 
12 13 
13 21 
13 23 
13 24 
13 25 
13 15 
14 16 
14 17 
14 20 
14 23 
14 24 
16 17 
16 20 
16 23 
16 24 
17 25 
17 26 
19 23 
20 24 
21 23 
21 25 
22 23 
24 25 
