1 17 
1 19 
1 3 
1 35 
1 21 
1 6 
1 24 
1 8 
1 9 
1 11 
1 30 
2 18 
2 20 
2 21 
2 8 
2 25 
2 10 
2 11 
2 28 
2 30 
2 14 
2 31 
3 33 
3 19 
3 5 
3 10 
3 27 
3 12 
3 29 
3 14 
3 31 
3 15 
4 22 
4 8 
4 14 
4 30 
5 34 
5 20 
5 21 
5 9 
5 26 
5 27 
5 15 
5 31 
6 33 
6 34 
6 19 
6 7 
6 24 
6 25 
6 11 
6 27 
6 28 
6 29 
7 19 
7 25 
7 11 
7 28 
7 15 
7 31 
8 33 
8 18 
8 34 
8 35 
8 11 
8 28 
8 12 
8 14 
9 18 
9 35 
9 21 
9 22 
9 24 
9 10 
9 13 
9 30 
10 34 
10 35 
10 21 
10 22 
11 13 
11 14 
12 35 
12 27 
12 30 
13 33 
13 17 
13 18 
13 23 
13 30 
14 32 
14 17 
14 23 
14 25 
14 28 
15 16 
15 17 
15 18 
15 35 
16 17 
16 18 
16 27 
16 28 
16 29 
16 30 
17 32 
17 34 
17 19 
17 21 
17 23 
17 24 
17 25 
17 26 
17 28 
18 21 
18 22 
18 24 
18 29 
19 34 
19 26 
19 28 
20 32 
20 22 
20 24 
20 27 
21 34 
22 34 
22 25 
22 27 
23 24 
23 26 
24 34 
24 35 
24 25 
24 28 
24 31 
25 32 
25 33 
25 26 
26 34 
26 35 
26 28 
27 33 
27 35 
27 28 
28 34 
29 34 
29 31 
30 32 
30 31 
