1 18 
1 19 
1 3 
1 5 
1 22 
1 8 
1 10 
1 13 
1 14 
2 3 
2 4 
2 21 
2 23 
2 9 
2 13 
3 17 
3 18 
3 20 
3 22 
3 8 
3 12 
3 13 
3 14 
4 22 
4 6 
4 23 
4 9 
4 10 
5 17 
5 22 
5 11 
5 12 
6 13 
6 15 
7 18 
7 19 
7 20 
7 21 
7 22 
7 10 
7 14 
8 18 
8 19 
8 20 
8 12 
8 14 
8 15 
9 20 
9 23 
9 12 
10 16 
10 22 
10 11 
10 13 
10 15 
11 14 
12 17 
12 15 
13 17 
13 14 
14 18 
14 21 
14 22 
14 15 
15 16 
15 17 
15 20 
15 22 
15 23 
16 17 
16 22 
16 23 
17 18 
17 20 
17 22 
17 23 
18 23 
21 22 
21 23 
22 23 
