1 18 
1 20 
1 4 
1 22 
1 8 
1 24 
2 22 
2 6 
2 8 
2 25 
2 10 
2 26 
2 14 
2 15 
3 16 
3 21 
3 6 
3 8 
3 26 
3 10 
3 12 
3 13 
3 14 
3 15 
4 6 
4 26 
4 10 
4 11 
5 18 
5 21 
5 6 
5 23 
5 24 
5 9 
5 26 
5 12 
5 14 
5 15 
6 16 
6 10 
7 25 
7 26 
7 11 
7 14 
8 20 
8 14 
9 17 
9 20 
9 22 
9 24 
9 26 
10 19 
10 23 
10 24 
10 25 
11 20 
11 21 
11 24 
11 12 
11 13 
11 15 
12 16 
12 21 
12 25 
13 16 
13 19 
13 21 
14 23 
14 24 
14 15 
15 18 
15 20 
15 24 
16 20 
16 23 
16 24 
17 19 
17 24 
18 23 
19 21 
19 24 
19 25 
19 26 
20 22 
20 23 
21 26 
22 26 
23 24 
23 25 
25 26 
