1 2 
1 4 
1 5 
1 6 
1 7 
1 9 
1 16 
1 17 
1 18 
1 19 
1 21 
1 23 
1 24 
1 25 
1 26 
2 3 
2 4 
2 23 
2 24 
2 25 
2 9 
2 10 
2 11 
3 4 
3 5 
3 8 
3 9 
3 12 
3 13 
3 14 
3 15 
3 17 
3 20 
3 24 
3 25 
4 5 
4 8 
4 11 
4 12 
4 13 
4 15 
4 16 
4 18 
4 19 
4 26 
5 6 
5 8 
5 9 
5 10 
5 11 
5 12 
5 13 
5 15 
5 17 
5 23 
5 24 
5 25 
5 26 
6 20 
6 21 
6 23 
6 9 
6 12 
6 13 
7 17 
7 18 
7 21 
7 23 
7 10 
7 26 
7 11 
7 15 
8 17 
8 20 
8 24 
8 11 
8 13 
8 15 
9 17 
9 18 
9 20 
9 21 
9 26 
9 13 
9 14 
10 16 
10 18 
10 19 
10 21 
10 23 
10 25 
10 12 
10 14 
11 16 
11 20 
11 21 
11 26 
11 13 
12 16 
12 23 
12 24 
12 25 
12 13 
12 14 
12 15 
13 15 
13 16 
13 18 
13 20 
13 23 
13 25 
13 26 
14 16 
14 20 
14 24 
14 26 
15 16 
15 17 
15 20 
15 22 
15 24 
15 25 
15 26 
16 17 
16 20 
16 21 
16 23 
17 18 
17 20 
17 25 
18 19 
18 22 
18 23 
18 24 
19 20 
19 21 
19 23 
19 24 
19 26 
20 21 
20 24 
21 22 
21 23 
21 24 
21 25 
22 26 
23 24 
23 25 
23 26 
24 26 
