1 2 
1 20 
1 9 
1 28 
2 16 
2 3 
2 21 
2 6 
2 27 
2 31 
3 32 
3 10 
3 12 
3 16 
3 19 
3 22 
3 23 
3 27 
3 28 
3 29 
3 30 
3 31 
4 16 
4 7 
4 8 
4 14 
4 30 
4 15 
5 16 
5 17 
5 21 
5 25 
6 17 
6 26 
7 9 
7 10 
7 27 
8 17 
8 21 
8 12 
8 28 
8 30 
9 16 
9 21 
9 24 
9 26 
9 13 
9 14 
9 31 
10 32 
10 17 
10 18 
10 20 
10 24 
10 27 
10 12 
10 29 
10 31 
11 17 
11 18 
11 24 
11 25 
11 12 
11 30 
12 22 
12 24 
12 27 
12 29 
12 30 
12 15 
13 18 
13 31 
14 32 
15 16 
15 18 
15 19 
15 20 
15 21 
15 24 
15 26 
16 18 
16 19 
16 20 
16 22 
16 25 
16 26 
16 28 
18 21 
18 29 
18 31 
19 20 
19 28 
20 32 
20 24 
20 28 
21 32 
22 24 
22 30 
23 26 
23 30 
24 25 
24 30 
25 32 
25 27 
25 30 
25 31 
27 29 
29 31 
30 32 
30 31 
