1 3 
1 4 
1 5 
1 6 
1 8 
1 9 
1 10 
1 11 
1 14 
1 15 
1 17 
1 18 
1 21 
1 22 
2 7 
2 8 
2 9 
2 10 
2 12 
2 13 
2 16 
2 17 
2 18 
2 19 
2 20 
2 21 
2 23 
3 6 
3 7 
3 9 
3 12 
3 13 
3 14 
3 15 
3 16 
3 17 
3 18 
3 19 
3 21 
3 23 
4 16 
4 18 
4 21 
4 6 
4 23 
4 9 
4 10 
4 13 
4 14 
5 17 
5 22 
5 23 
5 7 
5 8 
5 9 
5 10 
5 12 
5 14 
5 15 
6 17 
6 21 
6 22 
6 23 
6 9 
6 13 
6 15 
7 17 
7 19 
7 20 
7 22 
7 12 
7 13 
7 14 
7 15 
8 9 
8 10 
8 12 
8 14 
8 15 
8 16 
8 17 
8 18 
8 19 
8 21 
9 10 
9 13 
9 14 
9 15 
9 17 
9 18 
9 19 
9 23 
10 17 
10 23 
10 11 
10 13 
10 14 
11 16 
11 17 
11 18 
11 19 
11 21 
11 22 
11 23 
11 12 
11 13 
11 14 
12 13 
12 14 
12 16 
12 17 
12 18 
12 19 
12 22 
13 16 
13 17 
13 14 
14 18 
14 20 
14 21 
14 22 
15 18 
15 19 
15 20 
15 23 
16 20 
16 23 
17 18 
17 19 
17 22 
17 23 
18 19 
18 21 
18 23 
19 20 
19 21 
19 22 
20 21 
20 23 
21 23 
