1 17 
1 18 
1 3 
1 4 
1 20 
1 7 
1 11 
2 6 
2 8 
2 9 
2 11 
2 13 
2 14 
2 15 
3 16 
3 18 
3 20 
3 5 
3 6 
3 7 
3 15 
4 17 
4 19 
4 5 
4 6 
4 8 
4 10 
4 11 
4 15 
5 16 
5 17 
5 18 
5 19 
5 6 
5 7 
5 8 
5 9 
5 13 
6 16 
6 18 
6 20 
6 9 
6 10 
6 11 
6 13 
7 16 
7 17 
7 18 
7 19 
7 20 
7 8 
7 10 
7 13 
7 15 
8 17 
8 19 
8 20 
8 9 
8 11 
8 12 
9 10 
9 11 
9 13 
9 14 
9 15 
9 16 
9 17 
9 18 
9 19 
9 20 
10 16 
10 18 
10 19 
10 20 
10 11 
10 13 
10 15 
11 12 
11 14 
11 15 
11 16 
11 18 
11 19 
11 20 
12 16 
12 17 
12 19 
12 20 
12 13 
12 15 
13 16 
13 17 
13 19 
13 14 
14 16 
14 17 
14 18 
14 19 
14 15 
15 18 
15 19 
15 20 
16 17 
16 18 
16 19 
17 18 
17 19 
17 20 
18 19 
19 20 
