1 17 
1 3 
1 20 
1 22 
1 24 
1 25 
1 10 
1 26 
1 14 
2 4 
2 6 
2 12 
2 13 
2 15 
2 16 
2 18 
2 22 
2 23 
2 24 
2 26 
2 28 
2 29 
3 18 
3 21 
3 9 
3 25 
3 10 
3 13 
4 18 
4 21 
4 24 
4 25 
4 30 
4 14 
4 15 
5 19 
5 7 
5 24 
5 26 
5 10 
5 27 
5 29 
6 18 
6 21 
6 8 
6 26 
6 27 
6 28 
6 29 
6 30 
7 21 
7 23 
7 24 
7 10 
7 27 
7 30 
7 15 
8 18 
8 21 
8 9 
8 14 
8 15 
9 19 
9 20 
9 21 
9 22 
9 24 
9 26 
9 10 
9 11 
9 13 
10 11 
10 13 
10 15 
10 16 
10 18 
10 20 
10 24 
10 25 
10 26 
11 18 
11 21 
11 23 
11 24 
11 28 
11 14 
12 16 
12 20 
12 23 
12 24 
12 26 
12 13 
12 14 
12 30 
12 15 
13 22 
13 24 
13 28 
13 29 
13 15 
14 16 
14 17 
14 18 
14 30 
15 19 
15 27 
16 18 
16 21 
16 23 
16 29 
17 20 
17 23 
17 24 
17 29 
18 20 
18 21 
18 22 
18 23 
18 24 
18 26 
18 28 
18 30 
19 26 
19 28 
20 26 
20 27 
21 22 
21 23 
21 26 
21 28 
21 29 
21 30 
22 23 
22 24 
22 25 
22 27 
22 28 
23 25 
23 26 
23 28 
24 29 
24 30 
25 27 
25 30 
26 28 
27 28 
27 29 
28 29 
28 30 
29 30 
