1 32 
1 4 
1 6 
1 7 
1 25 
1 10 
1 27 
1 13 
2 20 
2 23 
2 25 
2 11 
2 27 
3 16 
3 17 
3 18 
3 27 
3 29 
3 31 
4 17 
4 7 
4 9 
4 13 
4 29 
4 14 
4 30 
5 32 
5 23 
5 8 
5 24 
5 29 
5 13 
5 31 
5 15 
6 16 
6 21 
6 25 
7 20 
7 24 
7 11 
7 13 
7 15 
8 25 
8 29 
9 21 
9 24 
9 28 
9 12 
9 30 
10 18 
10 20 
10 21 
10 25 
10 31 
11 29 
11 15 
12 17 
12 19 
12 22 
12 23 
13 32 
13 21 
13 15 
14 16 
14 18 
14 22 
15 32 
15 31 
16 26 
16 30 
17 20 
17 22 
17 27 
18 24 
18 26 
18 28 
19 22 
19 25 
19 27 
20 27 
21 22 
21 28 
22 27 
23 25 
24 27 
25 32 
25 28 
26 31 
29 31 
31 32 
