1 17 
1 2 
1 4 
1 6 
1 10 
2 19 
2 3 
2 21 
2 7 
2 23 
2 24 
3 4 
3 20 
3 21 
3 5 
3 10 
3 11 
3 13 
4 6 
4 23 
4 8 
4 28 
4 15 
5 19 
5 20 
5 8 
5 25 
5 26 
6 20 
6 23 
6 7 
6 15 
7 22 
7 24 
7 11 
7 12 
8 16 
8 17 
8 28 
8 13 
9 25 
9 26 
9 11 
10 17 
10 27 
10 12 
10 29 
10 15 
11 19 
11 13 
12 19 
12 20 
12 23 
12 24 
12 28 
12 29 
13 26 
13 27 
14 19 
14 23 
14 24 
15 16 
15 19 
16 17 
16 20 
16 23 
16 29 
17 19 
17 23 
17 27 
17 29 
18 28 
19 21 
19 25 
19 26 
22 23 
22 25 
22 29 
23 28 
24 27 
