1 2 
1 6 
1 7 
1 12 
1 13 
1 14 
1 15 
1 16 
1 18 
1 20 
1 21 
1 25 
1 26 
2 20 
2 4 
2 5 
2 6 
2 8 
2 11 
2 14 
2 15 
3 16 
3 17 
3 19 
3 4 
3 20 
3 22 
3 6 
3 8 
3 10 
3 11 
3 13 
3 15 
4 21 
4 5 
4 6 
4 22 
4 9 
4 26 
4 10 
4 12 
4 13 
4 15 
5 6 
5 7 
5 8 
5 13 
5 14 
5 18 
5 20 
5 21 
5 22 
5 24 
5 25 
5 26 
6 10 
6 12 
6 13 
6 15 
6 16 
6 17 
6 18 
6 19 
6 23 
6 26 
7 19 
7 20 
7 24 
7 9 
7 10 
7 26 
7 12 
7 13 
8 16 
8 18 
8 19 
8 24 
8 26 
8 10 
8 11 
8 14 
9 16 
9 17 
9 19 
9 20 
9 21 
9 22 
9 23 
9 26 
10 16 
10 17 
10 22 
10 24 
10 13 
10 14 
10 15 
11 17 
11 18 
11 20 
11 21 
11 24 
11 25 
11 12 
12 17 
12 18 
12 19 
12 23 
12 13 
12 14 
13 15 
13 16 
13 17 
13 19 
13 20 
13 21 
13 25 
14 17 
14 23 
15 18 
15 19 
15 21 
15 24 
16 19 
16 21 
16 22 
16 23 
16 25 
16 26 
17 22 
17 23 
17 24 
18 20 
18 21 
18 23 
18 24 
18 25 
18 26 
19 22 
20 21 
20 23 
20 24 
20 25 
20 26 
21 24 
22 23 
22 25 
23 24 
23 26 
24 25 
24 26 
