1 3 
1 19 
1 35 
1 20 
1 22 
1 24 
1 11 
1 27 
1 13 
1 29 
2 17 
2 7 
2 24 
2 25 
3 4 
3 20 
3 5 
3 8 
3 13 
3 30 
3 31 
4 33 
4 26 
4 28 
4 29 
5 17 
5 33 
5 18 
5 25 
5 26 
5 27 
5 29 
5 30 
6 32 
6 18 
6 20 
6 7 
6 9 
6 15 
7 16 
7 32 
7 19 
7 20 
7 9 
7 26 
7 27 
7 13 
8 32 
8 33 
8 19 
8 23 
8 9 
8 25 
9 33 
9 34 
9 19 
9 20 
9 21 
9 23 
9 28 
9 13 
9 31 
10 32 
10 16 
10 24 
10 29 
10 14 
11 32 
11 16 
11 35 
11 12 
11 15 
12 17 
12 18 
12 20 
12 24 
12 26 
12 13 
12 14 
13 33 
13 34 
13 35 
13 18 
13 20 
13 24 
13 26 
13 27 
13 30 
14 32 
14 17 
14 30 
15 32 
15 22 
15 23 
15 24 
15 27 
15 29 
15 30 
16 17 
16 18 
16 19 
16 20 
16 23 
16 27 
17 35 
17 29 
18 34 
18 19 
18 23 
18 26 
18 29 
19 33 
19 24 
19 26 
20 34 
20 22 
20 30 
21 35 
21 26 
22 33 
22 34 
22 35 
22 25 
22 28 
22 29 
22 30 
23 32 
23 34 
23 25 
23 26 
23 29 
23 30 
23 31 
24 25 
24 29 
24 31 
25 27 
25 30 
26 32 
26 33 
27 33 
27 31 
28 29 
28 31 
29 35 
29 30 
30 32 
30 34 
30 31 
31 33 
