1 17 
1 2 
1 5 
1 6 
1 22 
1 10 
1 28 
1 29 
2 16 
2 19 
2 20 
2 5 
2 6 
2 22 
2 23 
2 24 
2 8 
3 4 
3 5 
3 22 
3 6 
3 8 
3 24 
3 10 
3 14 
4 5 
4 6 
4 10 
4 12 
4 14 
4 15 
4 17 
4 18 
4 20 
4 21 
4 23 
4 24 
4 25 
4 29 
5 17 
5 21 
5 24 
5 8 
5 25 
5 27 
5 28 
5 14 
6 8 
6 10 
6 16 
6 17 
6 21 
6 23 
6 24 
6 26 
6 27 
7 17 
7 19 
7 25 
7 9 
7 10 
7 28 
7 29 
7 13 
7 14 
8 22 
8 24 
8 25 
8 29 
8 14 
8 15 
9 18 
9 26 
9 27 
9 28 
9 29 
10 12 
10 14 
10 15 
10 16 
10 17 
10 18 
10 22 
10 26 
10 28 
11 16 
11 17 
11 19 
11 20 
11 24 
11 12 
11 13 
11 29 
11 14 
11 15 
12 18 
12 23 
12 25 
12 27 
12 28 
13 17 
13 19 
13 21 
13 22 
13 24 
13 25 
13 28 
13 14 
13 15 
14 17 
14 24 
14 15 
15 19 
15 24 
15 26 
15 27 
15 29 
16 18 
16 19 
16 27 
16 28 
16 29 
17 18 
17 20 
17 21 
17 22 
17 23 
17 29 
18 21 
18 25 
18 27 
19 20 
19 22 
19 24 
19 25 
19 26 
19 28 
20 21 
20 27 
21 28 
21 29 
22 23 
22 25 
22 29 
23 27 
24 26 
24 27 
25 26 
25 28 
25 29 
