1 4 
1 28 
1 14 
2 3 
2 6 
2 7 
2 8 
2 10 
2 12 
2 13 
2 14 
2 18 
2 19 
2 20 
2 23 
2 24 
2 27 
2 29 
3 19 
3 7 
3 23 
4 17 
4 5 
4 21 
4 22 
4 23 
4 24 
4 11 
4 27 
4 29 
5 16 
5 20 
5 6 
5 23 
5 9 
5 12 
6 16 
6 18 
6 23 
6 9 
6 10 
6 26 
6 27 
6 11 
6 28 
7 16 
7 19 
7 20 
7 8 
7 11 
8 17 
8 22 
8 24 
8 25 
8 27 
8 29 
9 22 
9 23 
9 10 
9 28 
9 13 
9 29 
10 21 
10 23 
10 25 
10 12 
10 14 
11 17 
11 19 
11 22 
11 23 
11 13 
11 15 
12 19 
12 23 
13 16 
13 17 
13 18 
13 20 
13 22 
13 28 
14 18 
14 19 
14 25 
14 26 
14 27 
14 15 
15 16 
15 17 
15 18 
15 24 
15 25 
15 26 
15 27 
16 19 
16 20 
16 21 
16 26 
16 29 
17 24 
17 25 
17 26 
17 29 
18 19 
18 21 
18 24 
18 26 
18 27 
19 21 
19 28 
20 24 
20 29 
21 24 
21 25 
21 29 
23 28 
24 25 
24 29 
25 26 
26 28 
