1 17 
1 18 
1 2 
1 3 
1 20 
1 6 
1 7 
1 9 
1 12 
1 15 
2 18 
2 3 
2 4 
2 9 
2 10 
2 11 
2 12 
2 13 
3 16 
3 19 
3 5 
3 8 
3 9 
3 10 
3 13 
4 17 
4 18 
4 20 
4 6 
4 13 
4 14 
4 15 
5 19 
5 7 
5 9 
5 14 
5 15 
6 17 
6 18 
6 20 
6 8 
6 9 
6 11 
6 15 
7 16 
7 18 
7 12 
8 16 
8 18 
8 20 
8 9 
8 10 
8 11 
8 14 
9 10 
9 12 
9 13 
9 14 
9 15 
9 18 
9 19 
9 20 
10 16 
10 19 
10 11 
10 14 
10 15 
11 16 
11 17 
11 18 
11 19 
11 20 
12 18 
12 20 
12 13 
12 14 
12 15 
13 16 
13 17 
13 19 
13 14 
14 16 
14 17 
14 18 
14 15 
15 16 
15 18 
15 19 
17 20 
18 20 
