1 19 
1 3 
1 4 
1 20 
1 7 
1 8 
1 9 
1 10 
1 12 
1 14 
1 15 
2 6 
2 7 
2 8 
2 9 
2 10 
2 11 
2 12 
2 13 
2 14 
2 15 
2 16 
2 17 
2 20 
3 18 
3 19 
3 4 
3 5 
3 6 
3 9 
3 12 
3 13 
3 14 
4 5 
4 6 
4 7 
4 8 
4 9 
4 10 
4 11 
4 12 
4 14 
4 16 
4 18 
4 19 
5 16 
5 18 
5 19 
5 6 
5 7 
5 9 
5 11 
5 13 
5 14 
5 15 
6 8 
6 10 
6 11 
6 12 
6 13 
6 15 
6 16 
6 18 
6 19 
6 20 
7 17 
7 18 
7 19 
7 20 
7 8 
7 11 
7 13 
7 15 
8 19 
8 9 
8 14 
8 15 
9 17 
9 18 
9 19 
9 13 
10 11 
10 12 
10 13 
10 15 
10 16 
10 17 
10 18 
10 19 
10 20 
11 17 
11 18 
11 20 
11 12 
11 14 
11 15 
12 14 
12 15 
12 16 
12 17 
12 18 
12 19 
12 20 
13 16 
13 18 
13 19 
13 15 
14 16 
14 20 
14 15 
15 16 
15 17 
15 18 
15 19 
16 19 
16 20 
17 19 
17 20 
18 19 
19 20 
