1 18 
1 19 
1 3 
1 20 
1 6 
1 8 
1 11 
1 12 
2 16 
2 17 
2 19 
2 20 
2 4 
2 22 
2 6 
2 25 
2 10 
2 11 
2 13 
3 5 
3 6 
3 7 
3 10 
3 13 
3 14 
3 16 
3 17 
3 18 
3 19 
3 20 
3 21 
3 26 
4 19 
4 5 
4 24 
4 10 
4 11 
4 13 
4 14 
4 15 
5 8 
5 24 
5 25 
5 10 
5 11 
5 14 
6 18 
6 21 
6 22 
6 24 
6 8 
6 25 
6 10 
7 17 
7 18 
7 20 
7 24 
7 25 
7 10 
7 11 
7 13 
8 16 
8 17 
8 18 
8 21 
8 14 
8 15 
9 21 
9 23 
10 23 
10 24 
10 25 
10 26 
10 11 
10 13 
11 16 
11 17 
11 19 
11 23 
11 12 
11 13 
12 16 
12 19 
12 21 
12 22 
12 25 
12 26 
13 18 
13 20 
13 26 
13 14 
14 16 
14 17 
14 19 
14 22 
14 23 
14 25 
14 15 
15 17 
15 24 
15 25 
16 20 
16 21 
16 24 
17 23 
17 24 
18 19 
18 22 
18 23 
19 20 
19 23 
20 21 
20 25 
21 22 
21 23 
22 24 
23 24 
23 25 
23 26 
24 26 
