1 18 
1 9 
1 26 
1 12 
2 16 
2 23 
2 7 
2 13 
2 15 
3 18 
3 19 
3 4 
3 21 
3 5 
3 22 
3 8 
3 24 
3 10 
3 11 
3 15 
4 21 
4 6 
4 23 
4 7 
4 24 
5 18 
5 21 
5 6 
5 22 
5 7 
5 23 
5 25 
5 9 
5 26 
5 10 
5 14 
6 24 
6 8 
6 10 
6 15 
7 16 
7 25 
7 9 
7 13 
7 14 
7 15 
8 16 
8 10 
8 11 
8 15 
9 16 
9 19 
9 24 
9 25 
9 26 
9 14 
10 18 
10 19 
10 22 
10 23 
10 26 
10 15 
11 16 
11 17 
11 18 
11 26 
11 12 
11 13 
11 14 
12 16 
12 17 
12 18 
12 21 
12 22 
12 23 
12 26 
13 19 
13 14 
14 15 
15 21 
15 22 
15 23 
16 17 
16 20 
16 22 
16 23 
16 25 
17 18 
18 24 
18 25 
18 26 
19 20 
19 23 
20 21 
20 26 
22 24 
23 24 
23 25 
23 26 
24 26 
