1 4 
1 22 
1 24 
1 25 
1 31 
2 20 
2 5 
2 7 
2 12 
3 16 
3 19 
3 8 
3 24 
3 25 
3 27 
3 28 
3 15 
4 17 
4 20 
4 21 
4 6 
4 7 
4 24 
4 29 
4 14 
4 30 
4 31 
5 16 
5 19 
5 8 
5 10 
5 27 
5 28 
5 13 
5 29 
5 31 
6 19 
6 21 
6 23 
6 27 
6 12 
6 14 
7 16 
7 32 
7 17 
7 8 
7 26 
8 18 
8 20 
8 21 
8 9 
8 10 
8 11 
8 28 
8 13 
9 11 
9 27 
9 12 
9 15 
9 31 
10 21 
10 25 
10 26 
10 11 
10 29 
10 14 
11 19 
11 23 
11 12 
11 13 
12 32 
12 22 
12 28 
12 15 
13 17 
13 18 
13 22 
13 30 
13 31 
14 18 
14 19 
14 26 
15 32 
15 19 
15 20 
15 22 
15 24 
16 18 
16 30 
16 31 
17 18 
17 31 
18 22 
18 26 
19 20 
19 22 
19 31 
20 30 
21 25 
21 27 
21 28 
21 29 
21 31 
22 30 
22 31 
23 24 
23 27 
24 25 
25 26 
25 27 
25 28 
25 29 
25 30 
26 27 
27 32 
27 31 
28 32 
28 31 
29 30 
29 31 
