1 17 
1 18 
1 19 
1 20 
1 6 
1 23 
1 7 
1 8 
1 13 
1 15 
2 18 
2 19 
2 3 
2 20 
2 6 
2 7 
2 23 
2 8 
2 14 
3 18 
3 19 
3 20 
3 11 
3 12 
3 13 
4 18 
4 20 
4 21 
4 5 
4 6 
4 11 
5 16 
5 17 
5 19 
5 21 
5 6 
5 23 
5 12 
5 13 
5 14 
5 15 
6 19 
6 20 
6 22 
6 8 
6 9 
6 10 
6 12 
6 14 
7 16 
7 18 
7 22 
7 23 
7 8 
7 11 
7 13 
8 16 
8 18 
8 19 
8 20 
8 21 
8 22 
8 9 
9 16 
9 19 
9 21 
9 23 
9 11 
9 12 
10 17 
10 21 
10 22 
10 11 
11 16 
12 16 
12 17 
12 18 
12 19 
12 13 
12 14 
13 17 
13 19 
13 20 
14 16 
14 23 
14 15 
15 16 
15 22 
15 23 
16 20 
17 18 
17 21 
17 22 
19 20 
20 21 
20 22 
20 23 
21 22 
21 23 
22 23 
