1 16 
1 18 
1 3 
1 20 
1 22 
1 6 
1 11 
1 13 
2 18 
2 4 
2 7 
2 9 
2 13 
2 14 
3 6 
3 22 
3 8 
3 10 
3 12 
3 14 
3 15 
4 16 
4 17 
4 19 
4 22 
4 6 
4 23 
4 8 
4 11 
4 15 
5 17 
5 22 
5 7 
5 9 
5 12 
5 13 
5 14 
6 17 
6 18 
6 21 
6 22 
6 9 
6 10 
7 17 
7 9 
7 10 
7 12 
8 17 
8 20 
8 9 
8 10 
8 14 
9 16 
9 19 
9 21 
9 10 
9 11 
9 14 
10 16 
10 17 
10 19 
10 20 
10 21 
10 22 
11 20 
11 21 
11 23 
11 13 
11 14 
11 15 
12 16 
12 18 
12 19 
12 20 
12 21 
12 22 
12 14 
13 18 
13 21 
13 22 
13 23 
13 14 
14 20 
14 23 
15 21 
15 22 
15 23 
16 23 
17 19 
17 21 
18 19 
18 20 
18 21 
18 23 
19 20 
19 22 
19 23 
20 23 
21 23 
22 23 
