1 3 
1 20 
1 4 
1 23 
1 8 
1 27 
1 11 
1 29 
1 15 
2 16 
2 21 
2 6 
2 25 
2 10 
2 12 
2 13 
3 17 
3 4 
3 6 
3 24 
3 25 
3 10 
3 27 
3 28 
4 22 
4 7 
4 8 
4 10 
4 12 
4 28 
4 13 
4 30 
5 7 
5 9 
5 26 
5 12 
5 30 
6 17 
6 19 
6 21 
6 7 
6 8 
6 28 
6 12 
6 14 
7 22 
7 26 
8 9 
8 10 
8 12 
8 13 
8 16 
8 17 
8 19 
8 21 
8 22 
8 27 
8 28 
9 19 
9 26 
9 10 
9 27 
9 11 
9 13 
9 15 
10 16 
10 22 
10 24 
10 11 
10 12 
10 13 
10 15 
11 16 
11 17 
11 12 
11 29 
12 20 
12 23 
12 25 
13 18 
13 23 
13 24 
13 25 
13 14 
13 30 
14 17 
14 19 
14 28 
14 15 
15 16 
15 20 
15 23 
15 29 
16 23 
16 25 
16 26 
16 28 
16 29 
17 19 
17 20 
17 24 
17 27 
17 29 
17 30 
18 22 
19 20 
19 22 
19 28 
19 29 
19 30 
20 27 
20 28 
20 29 
21 23 
21 25 
22 24 
22 30 
23 24 
23 26 
23 27 
24 26 
24 28 
24 29 
24 30 
25 29 
26 27 
26 28 
27 29 
28 29 
28 30 
