1 16 
1 2 
1 3 
1 21 
1 5 
1 22 
1 23 
1 9 
1 10 
1 14 
1 15 
2 18 
2 20 
2 7 
2 24 
2 9 
2 12 
2 13 
2 14 
3 20 
3 5 
3 21 
3 7 
3 9 
4 18 
4 20 
4 5 
4 22 
4 25 
4 11 
4 14 
4 15 
5 16 
5 21 
5 22 
5 8 
5 10 
5 14 
6 16 
6 18 
6 21 
6 7 
6 10 
7 9 
7 15 
8 16 
8 17 
8 18 
8 20 
8 22 
9 16 
9 20 
9 21 
9 24 
10 16 
10 23 
10 15 
11 16 
11 20 
11 23 
11 25 
11 12 
12 16 
12 21 
12 24 
12 13 
12 15 
13 16 
13 18 
13 20 
13 21 
13 23 
14 18 
14 19 
14 22 
15 20 
15 23 
15 24 
16 21 
17 21 
17 22 
17 25 
18 25 
19 23 
19 24 
20 21 
20 22 
21 23 
22 24 
23 24 
