1 6 
1 26 
1 14 
1 31 
2 16 
2 34 
2 35 
2 21 
2 23 
2 25 
2 15 
3 17 
3 26 
3 14 
4 33 
4 21 
4 7 
4 24 
4 30 
5 32 
5 19 
5 20 
5 6 
5 25 
5 11 
5 28 
5 13 
6 33 
6 19 
6 35 
6 11 
6 27 
6 14 
7 32 
7 17 
7 18 
7 35 
7 22 
7 23 
7 25 
7 10 
7 27 
7 28 
8 33 
8 18 
8 34 
8 27 
8 30 
8 31 
9 21 
9 22 
9 24 
9 29 
10 20 
10 22 
10 14 
11 33 
11 23 
11 29 
12 16 
12 22 
12 23 
12 27 
12 29 
12 30 
13 17 
13 21 
13 22 
13 26 
13 30 
13 31 
14 17 
15 34 
15 21 
15 26 
16 23 
17 35 
17 21 
17 25 
17 31 
18 32 
18 35 
18 21 
18 25 
18 30 
19 34 
19 35 
19 20 
19 23 
19 26 
19 31 
20 32 
20 28 
21 34 
21 31 
22 33 
22 31 
23 34 
23 25 
23 27 
25 33 
25 34 
26 27 
26 28 
27 32 
27 34 
28 35 
29 34 
30 33 
30 35 
