1 32 
1 5 
1 9 
1 10 
1 11 
1 28 
2 17 
2 24 
2 9 
2 26 
2 11 
2 30 
3 19 
3 21 
3 12 
3 13 
3 29 
4 16 
4 5 
4 7 
4 8 
4 26 
4 13 
5 16 
5 17 
5 19 
5 7 
5 25 
5 27 
5 28 
6 16 
6 32 
6 23 
6 9 
7 17 
7 18 
7 26 
7 31 
8 10 
8 13 
8 29 
8 31 
9 21 
9 24 
9 25 
9 10 
9 27 
9 29 
10 22 
10 23 
10 26 
10 11 
11 17 
11 20 
12 32 
12 15 
13 17 
13 22 
13 25 
13 30 
14 20 
14 21 
14 22 
14 15 
15 18 
15 29 
16 22 
16 27 
16 28 
17 20 
17 21 
17 28 
18 29 
19 22 
19 25 
19 29 
20 22 
21 30 
22 32 
22 24 
22 28 
23 32 
23 24 
23 29 
23 31 
24 30 
25 26 
26 28 
28 32 
30 31 
