1 18 
1 2 
1 19 
1 23 
1 7 
1 14 
2 17 
2 18 
2 7 
2 23 
2 8 
2 25 
2 29 
3 17 
3 18 
3 5 
3 6 
3 23 
3 7 
3 8 
3 10 
3 12 
3 13 
3 29 
4 18 
4 22 
4 23 
4 8 
4 10 
4 27 
4 29 
5 16 
5 6 
5 24 
5 25 
5 9 
5 27 
5 11 
5 13 
6 18 
6 20 
6 7 
6 24 
6 27 
7 25 
7 27 
7 12 
7 29 
7 14 
8 18 
8 25 
8 9 
9 13 
10 21 
10 22 
10 11 
10 14 
11 17 
11 20 
11 14 
12 16 
12 17 
12 20 
12 21 
12 22 
12 13 
13 18 
13 19 
13 22 
13 23 
13 25 
13 14 
14 16 
14 19 
14 20 
14 21 
15 16 
15 18 
15 22 
16 18 
16 21 
16 28 
17 18 
17 21 
18 21 
18 23 
18 26 
19 21 
19 22 
20 21 
20 29 
21 23 
21 24 
21 26 
21 27 
21 28 
22 29 
23 28 
23 29 
26 27 
