1 3 
1 19 
1 4 
1 6 
1 9 
1 10 
1 12 
1 14 
1 15 
2 16 
2 18 
2 19 
2 3 
2 5 
2 6 
2 9 
2 10 
2 12 
2 14 
3 4 
3 5 
3 7 
3 8 
3 9 
3 10 
3 12 
3 13 
3 19 
3 21 
3 22 
4 5 
4 6 
4 8 
4 9 
4 11 
4 14 
4 15 
4 17 
4 19 
4 20 
4 23 
5 16 
5 17 
5 20 
5 22 
5 8 
5 10 
5 11 
5 13 
6 19 
6 22 
6 23 
6 9 
6 10 
6 11 
6 13 
7 18 
7 20 
7 21 
7 9 
7 10 
7 11 
7 12 
7 14 
7 15 
8 17 
8 19 
8 22 
8 23 
8 9 
8 11 
8 13 
9 11 
9 12 
9 13 
9 16 
9 17 
9 21 
9 23 
10 11 
10 12 
10 14 
10 16 
10 17 
10 18 
10 21 
10 22 
11 23 
11 12 
11 15 
12 17 
12 19 
13 15 
13 16 
13 17 
13 18 
13 19 
13 20 
13 21 
13 22 
13 23 
14 18 
14 22 
14 23 
14 15 
15 16 
15 18 
15 22 
15 23 
16 17 
16 19 
16 21 
16 23 
17 19 
18 19 
18 20 
19 22 
20 21 
20 22 
20 23 
