1 16 
1 2 
1 3 
1 20 
1 23 
1 11 
1 13 
1 15 
2 3 
2 9 
2 11 
2 12 
2 13 
2 15 
2 16 
2 17 
2 18 
2 20 
2 21 
2 23 
3 16 
3 18 
3 21 
3 22 
3 7 
3 8 
3 10 
3 26 
3 13 
4 17 
4 19 
4 20 
4 5 
4 21 
4 8 
4 25 
4 10 
4 11 
5 17 
5 19 
5 23 
5 24 
5 8 
5 13 
6 17 
6 19 
6 20 
6 21 
6 7 
6 25 
6 26 
6 10 
6 11 
6 14 
7 17 
7 19 
7 20 
7 22 
7 23 
7 25 
7 26 
7 11 
7 12 
7 13 
8 16 
8 21 
8 10 
8 13 
9 16 
9 17 
9 20 
9 21 
9 23 
9 24 
9 25 
9 10 
10 16 
10 19 
10 11 
10 12 
11 16 
11 17 
11 18 
11 21 
11 22 
11 23 
11 24 
12 17 
12 19 
12 22 
12 25 
12 26 
12 13 
12 15 
13 16 
13 21 
13 22 
13 23 
13 24 
13 26 
14 16 
14 18 
14 20 
14 22 
14 24 
14 15 
15 17 
15 20 
15 25 
16 17 
16 26 
17 18 
17 19 
17 20 
17 21 
17 24 
17 25 
18 19 
18 20 
18 25 
19 22 
19 25 
20 26 
21 22 
21 23 
22 23 
22 26 
23 24 
23 26 
25 26 
