1 33 
1 3 
1 23 
1 11 
2 33 
2 35 
2 20 
2 25 
3 34 
3 4 
3 21 
3 25 
3 28 
4 35 
4 23 
4 8 
4 9 
4 30 
5 6 
5 7 
5 8 
5 25 
5 27 
5 28 
5 29 
6 13 
6 29 
6 31 
6 15 
7 16 
7 34 
7 9 
7 25 
7 10 
7 31 
8 33 
8 20 
8 27 
9 17 
10 19 
10 27 
10 14 
11 20 
11 30 
11 31 
12 33 
12 20 
12 23 
12 31 
13 32 
13 21 
13 27 
13 14 
14 19 
14 23 
14 29 
14 31 
15 30 
16 32 
17 29 
17 31 
18 21 
18 27 
18 29 
18 31 
19 32 
19 33 
19 35 
19 30 
19 31 
20 31 
21 22 
21 25 
22 34 
22 35 
23 35 
23 30 
24 34 
24 35 
25 27 
25 28 
25 31 
26 29 
27 33 
27 34 
28 32 
29 31 
31 33 
32 35 
33 34 
