1 2 
1 3 
1 6 
1 8 
1 26 
1 12 
1 14 
2 20 
2 21 
2 5 
2 22 
2 25 
2 13 
2 30 
3 6 
3 7 
3 10 
3 13 
3 14 
3 17 
3 18 
3 21 
3 25 
3 26 
3 27 
3 28 
4 16 
4 18 
4 9 
4 29 
4 13 
4 15 
5 32 
5 19 
5 7 
5 24 
5 8 
5 26 
5 13 
5 29 
5 31 
6 19 
6 22 
6 23 
6 25 
6 28 
6 29 
6 14 
6 30 
7 18 
7 20 
7 11 
7 27 
7 12 
7 13 
7 30 
7 15 
8 32 
8 17 
8 9 
8 25 
8 28 
8 13 
8 30 
9 16 
9 18 
9 21 
9 23 
9 12 
9 15 
10 19 
10 20 
10 21 
10 22 
10 11 
10 29 
11 22 
11 29 
11 31 
12 16 
12 17 
12 18 
12 19 
12 24 
12 27 
12 28 
12 13 
13 16 
13 29 
14 20 
14 27 
14 28 
14 15 
15 17 
15 18 
15 23 
16 32 
16 17 
16 21 
16 27 
16 29 
17 32 
17 18 
17 20 
17 24 
17 29 
17 31 
18 32 
18 19 
18 24 
19 32 
19 23 
19 24 
19 27 
20 22 
20 23 
20 24 
20 28 
21 32 
21 25 
21 26 
22 29 
23 24 
23 28 
23 30 
24 28 
26 27 
26 31 
27 29 
28 32 
