1 16 
1 2 
1 20 
1 7 
1 8 
1 10 
1 14 
1 15 
2 16 
2 18 
2 6 
2 7 
2 8 
2 9 
2 10 
2 13 
2 15 
3 16 
3 17 
3 18 
3 19 
3 5 
3 7 
3 9 
3 10 
3 11 
3 12 
4 18 
4 19 
4 20 
4 5 
4 6 
4 8 
4 13 
4 14 
5 20 
5 8 
5 9 
5 11 
5 14 
6 16 
6 18 
6 11 
6 12 
6 14 
7 16 
7 19 
7 20 
7 12 
7 15 
8 16 
8 19 
8 11 
8 12 
8 13 
8 14 
9 16 
9 17 
9 19 
9 11 
9 12 
9 14 
10 16 
10 17 
10 11 
10 13 
10 14 
11 16 
11 17 
11 19 
11 20 
11 13 
11 15 
12 18 
12 19 
12 13 
13 16 
13 17 
13 20 
14 16 
14 19 
15 17 
15 19 
15 20 
16 19 
17 18 
17 19 
18 19 
18 20 
19 20 
