1 17 
1 6 
1 23 
1 8 
1 24 
1 25 
1 11 
1 28 
1 13 
1 30 
1 15 
2 6 
2 7 
2 23 
2 8 
2 9 
2 27 
2 12 
2 28 
2 29 
2 15 
3 17 
3 8 
4 16 
4 17 
4 21 
4 6 
4 23 
4 28 
4 13 
5 7 
5 8 
5 9 
5 26 
5 13 
5 29 
5 14 
6 16 
6 19 
6 21 
6 24 
6 12 
6 13 
7 12 
7 13 
7 15 
8 18 
8 24 
8 10 
8 12 
9 17 
9 19 
9 23 
10 17 
10 18 
10 22 
10 23 
10 24 
10 26 
11 17 
11 18 
11 20 
11 22 
12 19 
12 26 
12 13 
12 29 
13 16 
13 20 
13 21 
13 23 
13 25 
13 26 
13 27 
13 29 
14 17 
14 29 
15 19 
15 20 
15 22 
15 25 
16 19 
16 20 
16 21 
16 23 
17 18 
17 20 
17 26 
18 19 
18 22 
18 26 
18 28 
18 29 
19 21 
19 22 
19 27 
20 29 
21 23 
21 25 
21 26 
22 23 
22 27 
24 28 
25 29 
25 30 
26 30 
27 29 
28 29 
28 30 
29 30 
