1 21 
1 5 
1 6 
1 24 
1 11 
1 14 
1 15 
2 3 
2 19 
2 21 
2 6 
2 22 
2 7 
2 24 
2 25 
2 9 
3 4 
3 5 
3 8 
3 10 
3 11 
3 13 
3 14 
3 15 
3 16 
3 20 
3 23 
3 25 
4 17 
4 19 
4 5 
4 8 
4 10 
5 19 
5 20 
5 7 
5 23 
5 24 
5 26 
5 10 
5 11 
5 15 
6 17 
6 21 
6 24 
6 10 
6 12 
6 14 
7 18 
7 21 
7 22 
7 23 
7 8 
7 9 
7 14 
8 9 
8 11 
8 14 
8 15 
8 16 
8 18 
8 19 
8 21 
8 22 
8 24 
8 25 
8 26 
9 20 
9 23 
9 24 
9 26 
9 11 
9 13 
9 14 
9 15 
10 18 
10 19 
10 21 
10 24 
10 25 
10 26 
10 12 
10 13 
11 16 
11 19 
11 20 
11 22 
11 26 
11 13 
12 19 
12 20 
12 13 
13 15 
13 16 
13 17 
13 18 
13 19 
13 21 
13 24 
13 25 
13 26 
14 15 
15 16 
15 21 
15 23 
15 25 
16 22 
16 26 
17 20 
18 19 
18 20 
18 26 
19 24 
20 22 
20 24 
20 26 
21 22 
21 23 
22 26 
24 25 
