1 16 
1 2 
1 20 
1 22 
1 8 
1 9 
1 27 
1 12 
1 28 
1 14 
1 15 
2 16 
2 3 
2 19 
2 22 
2 24 
2 8 
2 12 
2 29 
3 5 
3 6 
3 7 
3 8 
3 9 
3 11 
3 12 
3 13 
3 14 
3 17 
3 18 
3 23 
3 29 
4 17 
4 19 
4 6 
4 23 
4 8 
4 10 
4 26 
4 11 
4 27 
4 13 
5 7 
5 12 
5 13 
5 14 
5 15 
5 17 
5 20 
5 21 
5 23 
5 27 
5 28 
5 29 
6 16 
6 20 
6 21 
6 23 
6 8 
6 26 
6 11 
6 12 
6 28 
6 15 
7 19 
7 20 
7 13 
7 15 
8 9 
8 15 
8 18 
8 19 
8 20 
8 21 
8 22 
8 23 
8 24 
8 25 
8 26 
8 29 
9 16 
9 19 
9 22 
9 24 
9 11 
9 14 
10 17 
10 20 
10 25 
10 27 
10 14 
10 15 
11 16 
11 22 
11 12 
11 13 
12 18 
12 19 
12 20 
12 27 
12 28 
12 29 
13 20 
13 22 
13 24 
14 19 
14 22 
15 18 
16 22 
16 23 
16 24 
16 27 
16 29 
17 18 
17 19 
17 21 
17 23 
17 24 
17 26 
17 29 
18 20 
18 23 
18 26 
19 22 
19 23 
19 28 
20 22 
20 23 
20 27 
21 23 
21 24 
21 25 
22 26 
22 27 
22 29 
23 24 
24 26 
25 26 
25 27 
27 28 
