1 32 
1 3 
1 5 
1 6 
1 7 
1 12 
1 14 
1 16 
1 23 
1 24 
1 25 
1 27 
1 28 
1 29 
1 30 
2 32 
2 3 
2 9 
2 13 
2 15 
2 16 
2 17 
2 18 
2 19 
2 21 
2 23 
2 24 
2 27 
3 32 
3 16 
3 20 
3 27 
3 28 
3 14 
3 15 
4 5 
4 6 
4 7 
4 9 
4 26 
4 12 
4 28 
4 29 
4 30 
4 31 
5 32 
5 18 
5 20 
5 7 
5 23 
5 8 
5 25 
5 10 
5 12 
5 28 
6 16 
6 17 
6 22 
6 26 
6 11 
6 29 
7 18 
7 20 
7 13 
8 16 
8 22 
8 23 
8 9 
8 26 
8 12 
8 13 
8 30 
8 14 
8 31 
8 15 
9 16 
9 19 
9 12 
10 26 
10 28 
10 30 
11 22 
11 27 
11 13 
11 29 
11 30 
11 14 
12 19 
12 24 
12 31 
13 32 
13 16 
13 20 
13 25 
13 26 
13 28 
13 29 
13 31 
14 16 
14 17 
14 27 
14 29 
15 32 
15 16 
15 20 
15 24 
15 27 
16 22 
16 31 
17 19 
17 20 
18 32 
18 21 
18 23 
18 28 
19 24 
19 26 
19 28 
19 29 
19 30 
19 31 
20 27 
20 30 
21 32 
21 23 
21 25 
22 31 
23 24 
23 26 
23 27 
23 30 
23 31 
24 25 
25 27 
25 29 
25 31 
26 32 
28 30 
29 32 
30 31 
