1 16 
1 18 
1 5 
1 21 
1 6 
1 8 
1 9 
1 11 
1 28 
1 13 
2 17 
2 3 
2 4 
2 22 
2 9 
2 25 
2 10 
2 12 
2 29 
3 16 
3 18 
3 24 
3 25 
3 9 
3 10 
3 27 
3 11 
3 12 
3 14 
4 22 
4 25 
4 26 
4 10 
4 27 
4 12 
4 13 
4 14 
4 15 
5 17 
5 20 
5 8 
5 27 
6 16 
6 7 
6 8 
6 10 
6 11 
6 29 
6 13 
6 15 
7 18 
7 19 
7 23 
7 24 
7 9 
7 29 
7 14 
8 16 
8 17 
8 21 
8 24 
8 10 
8 27 
8 28 
8 14 
9 10 
9 11 
9 16 
9 20 
9 22 
9 23 
9 25 
9 28 
9 29 
10 17 
10 18 
10 21 
10 22 
10 23 
10 24 
10 26 
10 27 
10 28 
11 25 
11 26 
11 28 
12 17 
12 14 
12 15 
13 19 
13 20 
13 21 
13 22 
13 24 
14 18 
14 21 
14 24 
14 25 
14 26 
15 19 
15 24 
15 27 
16 18 
17 20 
17 26 
17 29 
18 19 
18 24 
18 25 
18 27 
19 22 
19 23 
19 27 
19 29 
20 25 
20 26 
20 27 
21 24 
22 23 
22 26 
22 27 
23 24 
23 26 
23 29 
24 26 
24 27 
25 28 
25 29 
26 27 
27 29 
