1 16 
1 18 
1 19 
1 5 
1 23 
1 9 
1 12 
1 13 
1 14 
2 16 
2 17 
2 3 
2 19 
2 21 
2 6 
2 7 
2 23 
2 8 
2 11 
2 12 
2 14 
3 16 
3 17 
3 18 
3 4 
3 7 
3 10 
3 12 
3 14 
3 15 
4 16 
4 17 
4 5 
4 6 
4 22 
4 23 
4 10 
4 14 
5 6 
5 7 
5 10 
5 11 
5 13 
5 14 
5 16 
5 18 
5 19 
5 20 
5 21 
6 7 
6 8 
6 9 
6 10 
6 11 
6 13 
6 14 
6 16 
6 19 
6 20 
6 22 
7 18 
7 20 
7 8 
7 12 
7 13 
8 9 
8 12 
8 13 
8 14 
8 15 
8 16 
8 18 
8 19 
8 20 
8 22 
8 23 
9 16 
9 17 
9 18 
9 20 
9 21 
9 22 
9 23 
9 10 
9 11 
10 11 
10 12 
10 15 
10 16 
10 17 
10 18 
10 19 
10 20 
10 21 
11 17 
11 19 
11 23 
11 14 
12 19 
12 13 
12 14 
12 15 
13 18 
13 21 
14 15 
14 16 
14 18 
14 19 
14 20 
14 21 
15 16 
15 18 
15 19 
15 20 
15 22 
15 23 
16 18 
16 19 
16 20 
16 22 
16 23 
17 19 
17 20 
17 23 
18 19 
18 21 
18 23 
19 20 
19 23 
21 22 
