1 17 
1 2 
1 21 
1 7 
1 25 
2 17 
2 19 
2 20 
2 23 
2 11 
2 12 
3 16 
3 17 
3 19 
3 21 
3 6 
3 27 
3 12 
4 17 
4 18 
4 21 
4 5 
4 23 
4 9 
4 28 
4 13 
5 16 
5 19 
5 24 
5 9 
5 10 
6 17 
6 20 
6 28 
7 20 
7 24 
7 25 
7 26 
7 10 
7 11 
7 29 
7 15 
8 16 
8 20 
8 22 
8 23 
8 26 
8 27 
8 28 
8 15 
9 12 
9 28 
10 17 
10 18 
10 25 
10 26 
10 27 
10 29 
11 17 
11 26 
11 28 
11 12 
12 18 
12 23 
12 24 
12 25 
12 28 
13 20 
13 21 
13 23 
13 27 
13 28 
13 14 
14 22 
14 23 
14 26 
14 27 
15 21 
16 17 
16 18 
16 19 
16 24 
16 26 
16 27 
16 29 
17 22 
17 25 
17 26 
18 19 
18 20 
18 21 
18 25 
19 22 
19 25 
19 26 
19 29 
20 22 
20 25 
20 26 
20 29 
21 24 
22 24 
22 26 
22 28 
23 24 
23 27 
24 25 
24 28 
26 27 
27 28 
