1 16 
1 17 
1 2 
1 18 
1 3 
1 4 
1 21 
1 24 
1 8 
1 9 
1 12 
2 4 
2 6 
2 7 
2 8 
2 11 
2 14 
2 19 
2 21 
2 22 
2 23 
2 24 
2 25 
2 26 
3 16 
3 21 
3 5 
3 6 
3 24 
3 9 
4 16 
4 21 
4 23 
4 9 
4 12 
5 16 
5 8 
5 24 
5 26 
5 12 
5 14 
6 18 
6 19 
6 21 
6 9 
6 10 
6 11 
7 20 
7 21 
7 23 
7 26 
8 16 
8 22 
8 24 
8 26 
9 19 
9 21 
9 22 
9 25 
9 13 
9 14 
10 19 
10 22 
10 23 
10 25 
10 14 
11 17 
11 19 
11 22 
11 24 
11 25 
11 13 
11 14 
12 26 
12 15 
13 24 
13 25 
14 17 
14 18 
14 26 
15 16 
15 17 
15 22 
15 23 
15 26 
16 17 
16 26 
17 18 
17 26 
18 19 
18 20 
18 21 
19 22 
19 24 
20 21 
20 26 
21 23 
21 24 
23 24 
25 26 
