1 3 
1 21 
1 7 
1 10 
1 28 
1 14 
2 16 
2 18 
2 3 
2 8 
2 24 
2 11 
2 12 
3 16 
3 20 
3 8 
3 10 
3 11 
3 13 
4 18 
4 23 
4 9 
4 10 
4 11 
5 16 
5 17 
5 18 
5 19 
5 20 
5 6 
5 23 
5 12 
5 13 
5 29 
5 30 
5 15 
6 7 
6 8 
6 12 
6 13 
6 14 
6 15 
6 17 
6 18 
6 19 
6 20 
6 21 
6 26 
6 27 
7 23 
7 9 
7 11 
7 27 
7 12 
7 14 
8 9 
8 26 
8 10 
8 27 
8 28 
8 12 
8 13 
9 12 
9 13 
9 14 
9 15 
9 16 
9 17 
9 23 
9 24 
9 26 
9 28 
10 26 
10 27 
10 13 
10 15 
11 17 
11 21 
11 25 
11 27 
11 28 
11 12 
11 13 
12 17 
12 24 
12 28 
12 15 
13 21 
13 25 
13 29 
14 30 
15 17 
15 18 
15 28 
15 29 
15 30 
16 20 
16 22 
16 23 
16 27 
17 19 
17 27 
18 28 
19 21 
19 23 
19 25 
19 28 
19 30 
20 21 
20 25 
20 28 
20 29 
21 23 
21 24 
21 27 
21 28 
21 29 
22 23 
22 29 
23 24 
23 27 
23 28 
24 27 
24 28 
24 29 
25 29 
25 30 
26 27 
27 28 
28 30 
