1 20 
1 4 
1 5 
1 8 
1 25 
1 13 
1 14 
2 3 
2 20 
2 26 
2 10 
2 11 
3 22 
3 6 
3 7 
3 24 
3 10 
3 14 
3 15 
4 19 
4 22 
4 23 
4 24 
4 25 
4 11 
5 23 
5 8 
5 9 
5 11 
5 12 
5 13 
5 14 
5 15 
6 19 
6 21 
6 25 
6 26 
6 12 
7 17 
7 18 
7 20 
7 22 
7 8 
7 13 
8 16 
8 17 
8 19 
8 20 
8 21 
8 24 
8 26 
9 21 
9 23 
9 24 
9 10 
9 12 
9 13 
10 16 
10 20 
10 24 
10 25 
10 13 
10 14 
11 16 
11 18 
11 22 
11 23 
11 12 
11 15 
12 17 
12 18 
12 20 
12 26 
12 14 
13 21 
13 24 
13 25 
13 14 
13 15 
14 17 
14 18 
14 19 
14 23 
14 25 
14 26 
15 16 
15 17 
15 20 
15 21 
15 22 
16 17 
16 21 
17 18 
17 19 
17 21 
17 25 
18 19 
18 21 
18 22 
19 21 
19 23 
20 22 
20 23 
20 25 
21 26 
22 23 
22 26 
23 24 
23 25 
24 25 
