1 19 
1 21 
1 7 
1 9 
1 11 
1 29 
2 16 
2 5 
2 6 
2 11 
2 28 
2 29 
2 14 
2 15 
3 16 
3 18 
3 19 
3 5 
3 22 
3 6 
3 23 
3 9 
4 16 
4 17 
4 7 
4 11 
4 12 
4 13 
5 16 
5 6 
5 23 
5 8 
5 10 
5 26 
5 27 
5 13 
5 29 
5 14 
6 21 
6 24 
6 8 
6 26 
6 12 
6 29 
6 14 
6 15 
7 17 
7 23 
7 27 
7 12 
7 14 
8 17 
8 18 
8 22 
8 13 
9 22 
9 24 
9 11 
9 14 
10 18 
10 20 
10 21 
10 11 
10 29 
11 17 
11 18 
11 22 
11 25 
11 28 
11 15 
12 19 
12 20 
12 25 
12 26 
13 17 
13 20 
13 25 
13 26 
13 28 
14 16 
14 19 
14 29 
15 19 
15 22 
15 25 
15 27 
15 28 
16 17 
16 19 
16 21 
16 22 
16 25 
17 20 
18 22 
18 24 
18 25 
19 24 
19 26 
20 21 
20 24 
20 27 
21 24 
21 25 
22 29 
23 24 
23 28 
24 26 
25 26 
26 27 
26 28 
