1 18 
1 21 
1 22 
1 25 
1 26 
1 11 
1 15 
2 7 
2 8 
2 24 
2 14 
3 18 
3 19 
3 20 
3 4 
3 5 
3 7 
3 25 
4 16 
4 6 
4 7 
4 9 
4 26 
4 11 
4 15 
5 21 
5 22 
5 6 
5 24 
5 26 
5 10 
6 18 
6 21 
6 23 
6 7 
6 8 
6 25 
6 10 
6 11 
6 12 
7 19 
7 24 
7 9 
8 21 
8 11 
8 12 
8 15 
9 22 
9 25 
9 11 
9 12 
10 16 
10 17 
10 18 
10 23 
10 25 
10 26 
10 11 
11 18 
11 13 
11 15 
12 18 
12 14 
13 23 
13 24 
13 25 
13 26 
14 17 
14 22 
14 24 
14 25 
14 15 
15 21 
15 23 
16 18 
16 20 
16 22 
16 25 
17 18 
17 20 
17 23 
18 21 
19 21 
19 26 
21 24 
21 26 
22 24 
22 25 
22 26 
23 25 
