1 32 
1 16 
1 17 
1 18 
1 5 
1 22 
1 24 
1 8 
1 9 
1 25 
1 10 
1 26 
2 18 
2 4 
2 23 
2 7 
2 8 
2 26 
2 28 
2 15 
3 16 
3 19 
3 20 
3 5 
3 11 
3 12 
4 16 
4 21 
4 23 
4 11 
4 12 
4 13 
4 31 
5 18 
5 26 
5 14 
5 30 
6 32 
6 16 
6 24 
6 9 
6 26 
6 11 
6 13 
6 30 
6 15 
7 26 
7 10 
7 29 
7 14 
7 15 
8 32 
8 18 
8 20 
8 24 
8 26 
8 30 
8 31 
8 15 
9 18 
9 20 
9 26 
9 12 
9 28 
9 29 
9 30 
10 20 
10 24 
10 25 
10 26 
10 27 
10 12 
10 13 
10 15 
11 19 
11 21 
11 22 
11 13 
11 30 
12 18 
12 20 
12 22 
12 24 
12 26 
13 32 
13 18 
13 21 
13 24 
13 30 
14 16 
14 18 
14 19 
14 20 
14 24 
14 27 
14 29 
14 30 
14 15 
15 32 
15 16 
15 22 
15 23 
15 25 
15 30 
16 32 
16 19 
16 20 
16 21 
16 28 
17 18 
17 24 
17 25 
17 27 
17 28 
18 32 
18 19 
18 21 
18 26 
18 27 
18 28 
18 30 
19 20 
19 23 
19 24 
19 27 
19 29 
19 30 
19 31 
20 32 
20 21 
20 22 
20 25 
20 31 
21 22 
21 23 
22 32 
22 23 
22 24 
22 28 
23 27 
23 31 
24 27 
24 31 
25 26 
26 32 
26 28 
26 29 
26 30 
28 31 
31 32 
