1 2 
1 18 
1 24 
1 9 
1 13 
1 31 
1 15 
2 32 
2 18 
2 20 
2 8 
2 11 
3 19 
3 7 
3 12 
3 28 
3 29 
3 13 
3 30 
3 14 
4 5 
4 6 
4 25 
4 27 
4 11 
4 12 
4 29 
4 13 
4 14 
5 7 
5 24 
5 25 
5 30 
6 16 
6 22 
6 12 
6 13 
6 30 
7 17 
7 23 
7 24 
7 10 
7 26 
7 28 
7 29 
7 31 
7 15 
8 22 
8 24 
8 9 
8 13 
8 14 
9 32 
9 18 
9 19 
9 20 
9 21 
9 22 
9 11 
9 31 
10 17 
10 18 
10 19 
10 26 
10 14 
10 15 
11 21 
11 26 
11 28 
11 14 
11 31 
12 24 
12 26 
12 15 
13 17 
13 20 
13 24 
13 25 
13 28 
13 15 
14 15 
14 16 
14 19 
14 22 
14 24 
14 25 
14 28 
14 31 
15 25 
15 30 
15 31 
16 18 
16 20 
16 21 
16 22 
16 29 
17 25 
17 29 
18 30 
18 31 
19 20 
20 24 
20 29 
20 31 
21 26 
21 29 
22 24 
22 26 
22 27 
22 28 
22 30 
23 24 
23 31 
24 26 
24 29 
25 26 
26 27 
26 31 
27 30 
29 30 
