1 3 
1 19 
1 22 
1 7 
1 11 
1 30 
1 15 
2 3 
2 19 
2 23 
2 8 
2 24 
2 25 
2 9 
2 11 
2 12 
2 28 
2 30 
3 16 
3 20 
3 22 
3 8 
3 12 
3 13 
4 17 
4 18 
4 7 
4 10 
4 27 
4 15 
5 17 
5 18 
5 19 
5 10 
5 13 
5 30 
5 15 
6 16 
6 17 
6 19 
6 21 
6 22 
6 23 
6 24 
6 26 
6 11 
6 28 
6 13 
6 15 
7 16 
7 20 
7 26 
7 10 
7 28 
7 13 
7 29 
7 30 
7 15 
8 16 
8 18 
8 19 
8 20 
8 9 
8 25 
8 12 
8 28 
9 19 
9 23 
9 10 
9 28 
9 13 
9 30 
9 15 
10 19 
10 20 
10 22 
10 23 
10 12 
10 14 
11 17 
11 26 
11 27 
11 14 
12 18 
12 20 
12 24 
12 30 
12 15 
13 19 
13 22 
13 23 
13 28 
13 15 
14 17 
14 24 
14 25 
15 16 
15 18 
15 20 
15 21 
15 22 
16 18 
16 22 
16 24 
16 25 
17 20 
17 23 
17 28 
17 29 
18 21 
18 22 
18 27 
19 20 
19 26 
19 30 
20 29 
20 30 
21 22 
21 24 
21 27 
21 29 
22 27 
23 28 
23 29 
24 25 
24 30 
25 29 
25 30 
27 28 
29 30 
