1 19 
1 3 
1 4 
1 25 
1 10 
1 11 
1 12 
1 28 
1 13 
1 29 
2 32 
2 20 
2 6 
2 8 
2 26 
2 12 
2 30 
3 32 
3 16 
3 19 
3 21 
3 22 
3 25 
3 12 
4 16 
4 17 
4 19 
4 5 
4 22 
4 9 
4 26 
4 11 
4 28 
4 12 
5 17 
5 19 
5 6 
5 24 
5 8 
5 10 
5 27 
5 14 
5 15 
6 32 
6 22 
6 23 
6 8 
6 26 
6 29 
6 13 
6 30 
6 31 
7 32 
7 19 
7 20 
7 21 
7 23 
7 8 
7 10 
7 11 
7 27 
7 14 
7 15 
8 27 
8 13 
9 16 
9 17 
9 20 
9 22 
9 27 
9 28 
9 12 
9 13 
9 29 
10 20 
10 22 
10 23 
10 29 
10 14 
10 15 
11 32 
11 18 
11 19 
11 13 
11 31 
12 19 
12 22 
12 26 
12 28 
12 15 
13 17 
13 24 
13 25 
13 28 
13 29 
14 19 
14 22 
14 24 
14 28 
14 15 
15 17 
15 20 
15 21 
15 22 
15 24 
15 27 
15 31 
16 20 
16 21 
16 24 
16 30 
17 20 
17 22 
17 23 
17 24 
17 30 
18 24 
18 29 
19 32 
19 21 
19 22 
19 25 
19 29 
20 32 
20 25 
20 26 
20 27 
20 30 
21 32 
21 24 
21 25 
21 27 
21 31 
22 24 
22 25 
22 27 
23 26 
23 27 
23 28 
24 29 
24 31 
25 32 
25 29 
25 30 
25 31 
26 27 
26 28 
26 31 
27 31 
29 32 
