1 17 
1 3 
1 19 
1 4 
1 22 
1 25 
1 26 
1 11 
1 29 
2 18 
2 3 
2 21 
2 6 
2 7 
2 27 
2 12 
3 16 
3 19 
3 4 
3 21 
3 23 
3 29 
4 19 
4 25 
4 26 
4 27 
4 15 
5 25 
5 11 
5 12 
5 28 
6 22 
6 9 
6 15 
7 17 
7 21 
7 24 
7 9 
7 27 
7 14 
8 20 
8 11 
8 29 
8 13 
8 15 
9 17 
9 20 
9 25 
9 26 
10 17 
10 18 
10 19 
10 20 
10 24 
10 27 
11 16 
11 17 
11 18 
11 19 
11 23 
11 25 
11 26 
11 29 
11 15 
12 25 
12 26 
12 29 
13 16 
13 18 
13 15 
14 23 
14 27 
15 18 
15 20 
15 23 
15 24 
15 26 
15 29 
16 19 
16 28 
17 19 
17 20 
17 27 
17 28 
17 29 
18 23 
19 21 
19 22 
19 26 
20 27 
20 28 
21 29 
22 23 
22 28 
23 25 
23 26 
23 27 
24 25 
25 29 
26 29 
