1 17 
1 21 
1 24 
1 12 
1 13 
2 19 
2 20 
2 12 
2 14 
3 4 
3 21 
3 6 
3 10 
4 28 
4 30 
5 10 
5 13 
6 18 
6 23 
6 27 
6 15 
7 32 
7 18 
7 19 
7 21 
7 8 
7 11 
7 27 
8 16 
8 18 
8 23 
8 25 
8 12 
8 13 
8 14 
9 18 
9 20 
9 22 
9 24 
9 26 
9 27 
9 30 
9 31 
10 23 
11 16 
11 32 
11 20 
11 29 
11 14 
12 19 
12 21 
13 20 
13 22 
13 29 
13 14 
13 15 
14 32 
14 21 
14 26 
14 28 
14 31 
15 32 
15 19 
15 30 
16 19 
16 21 
16 27 
16 30 
17 18 
17 26 
17 28 
17 30 
18 20 
18 30 
19 32 
19 21 
19 30 
20 27 
20 28 
20 29 
20 30 
20 31 
21 23 
21 25 
22 24 
23 32 
23 25 
23 27 
23 29 
23 30 
23 31 
25 27 
26 31 
27 32 
27 28 
27 29 
28 30 
28 31 
29 32 
30 31 
