1 2 
1 18 
1 21 
1 5 
1 23 
1 25 
1 26 
1 14 
2 4 
2 6 
2 7 
2 25 
2 9 
3 4 
3 21 
3 22 
3 7 
3 8 
4 16 
4 18 
4 19 
4 6 
4 7 
4 23 
4 9 
4 26 
5 16 
5 17 
5 18 
5 22 
5 8 
5 24 
5 10 
5 11 
5 13 
6 19 
6 20 
6 22 
6 7 
6 24 
6 8 
6 11 
6 14 
7 8 
7 25 
7 10 
7 14 
8 20 
8 21 
8 23 
8 10 
8 26 
8 11 
9 18 
9 23 
9 24 
9 10 
9 26 
9 12 
9 13 
10 17 
10 19 
10 25 
10 14 
11 23 
11 24 
11 26 
12 17 
12 24 
13 22 
13 24 
13 25 
14 16 
14 17 
14 19 
14 21 
14 25 
14 15 
15 17 
15 26 
16 21 
16 23 
17 19 
17 21 
17 24 
18 22 
18 24 
19 22 
19 24 
20 22 
20 23 
20 26 
21 23 
21 24 
21 25 
21 26 
22 23 
22 24 
23 26 
24 25 
