1 16 
1 19 
1 3 
1 11 
2 4 
2 22 
2 6 
2 7 
2 8 
2 10 
3 5 
3 8 
3 9 
3 26 
3 27 
3 12 
3 14 
4 5 
4 6 
4 24 
4 25 
4 26 
4 28 
4 13 
4 15 
5 16 
5 18 
5 12 
5 31 
6 18 
6 7 
6 29 
6 30 
7 18 
7 21 
7 22 
7 26 
7 28 
8 18 
8 20 
8 24 
8 14 
8 15 
9 16 
9 10 
9 11 
10 21 
10 22 
10 26 
10 27 
10 29 
11 17 
11 21 
11 12 
11 13 
11 14 
12 26 
12 27 
12 30 
13 27 
13 15 
14 22 
14 26 
14 31 
15 16 
15 19 
15 30 
16 18 
16 21 
16 25 
17 18 
17 26 
17 28 
18 32 
18 23 
18 24 
20 25 
20 29 
21 23 
21 25 
21 31 
22 23 
22 27 
23 27 
25 27 
25 29 
26 29 
28 29 
28 31 
30 32 
