1 32 
1 20 
1 24 
2 19 
2 11 
3 32 
3 18 
4 7 
4 11 
4 31 
5 32 
5 34 
5 6 
5 29 
6 32 
6 24 
6 25 
6 11 
6 13 
6 30 
7 21 
7 22 
7 23 
7 26 
7 10 
7 12 
7 13 
7 14 
7 31 
8 32 
8 18 
8 27 
8 12 
9 19 
9 20 
9 21 
9 25 
9 27 
9 14 
9 30 
9 15 
10 16 
10 33 
10 17 
10 21 
10 11 
10 14 
10 15 
11 33 
11 29 
11 13 
12 18 
12 35 
13 33 
13 34 
13 22 
13 23 
13 24 
13 25 
14 35 
14 19 
14 22 
14 25 
14 26 
14 30 
15 24 
16 35 
16 31 
17 22 
17 26 
17 28 
17 29 
19 35 
19 26 
19 27 
20 23 
20 30 
21 27 
22 34 
22 24 
22 29 
23 25 
24 32 
25 27 
26 32 
27 32 
27 30 
30 32 
30 31 
33 35 
