1 3 
1 5 
1 7 
1 8 
1 9 
1 11 
1 12 
1 14 
1 15 
1 16 
1 17 
1 18 
1 19 
1 20 
1 22 
2 18 
2 3 
2 19 
2 20 
2 21 
2 5 
2 13 
3 17 
3 19 
3 4 
3 21 
3 5 
3 6 
3 7 
3 8 
3 13 
3 15 
4 18 
4 20 
4 22 
4 23 
4 9 
4 11 
4 12 
4 14 
4 15 
5 20 
5 21 
5 22 
5 10 
5 13 
5 15 
6 17 
6 19 
6 21 
6 7 
6 23 
6 10 
6 13 
6 14 
7 16 
7 18 
7 19 
7 21 
7 10 
8 16 
8 22 
8 23 
8 11 
8 12 
8 14 
9 17 
9 18 
9 19 
9 21 
9 10 
9 11 
9 13 
9 14 
10 16 
10 19 
10 21 
10 22 
10 23 
10 14 
11 16 
11 17 
11 23 
11 12 
12 16 
12 18 
12 22 
12 15 
13 16 
13 18 
13 21 
13 23 
13 14 
14 17 
14 19 
14 21 
14 23 
15 19 
15 20 
15 21 
15 22 
16 17 
16 18 
16 19 
16 21 
16 22 
16 23 
17 21 
17 22 
17 23 
18 20 
18 22 
18 23 
19 20 
19 21 
19 23 
20 21 
20 23 
21 22 
21 23 
