1 16 
1 3 
1 4 
1 21 
1 25 
1 27 
1 12 
2 23 
2 25 
2 27 
2 14 
2 15 
3 4 
3 6 
3 9 
3 26 
3 27 
3 11 
4 21 
4 7 
5 20 
5 7 
5 8 
5 24 
5 25 
5 26 
5 15 
6 22 
6 24 
6 11 
7 18 
7 21 
7 26 
7 11 
7 12 
7 29 
8 23 
8 27 
8 12 
9 21 
9 26 
9 27 
9 12 
9 14 
10 16 
10 19 
10 20 
10 21 
10 25 
10 11 
10 15 
11 18 
11 12 
12 16 
12 21 
13 22 
13 15 
14 19 
14 22 
14 24 
14 27 
14 29 
15 16 
15 18 
15 24 
16 17 
16 18 
17 20 
17 23 
17 24 
17 25 
18 21 
18 22 
18 25 
18 29 
19 21 
19 24 
19 25 
19 26 
19 29 
20 24 
21 23 
21 24 
21 27 
22 29 
23 25 
25 26 
25 27 
26 29 
27 29 
