1 16 
1 18 
1 7 
1 13 
1 14 
1 15 
2 18 
2 20 
2 4 
2 21 
2 5 
2 24 
2 10 
2 28 
2 15 
3 16 
3 18 
3 6 
3 23 
3 10 
3 26 
3 11 
3 27 
3 12 
3 28 
3 13 
3 14 
4 17 
4 19 
4 6 
4 23 
4 8 
4 25 
4 10 
4 11 
5 21 
5 7 
5 11 
5 27 
5 29 
6 7 
6 23 
6 9 
6 14 
6 15 
7 16 
7 21 
7 22 
7 23 
7 10 
7 14 
7 15 
8 18 
8 21 
8 22 
8 12 
8 29 
9 19 
9 25 
9 26 
9 11 
9 12 
9 29 
9 14 
10 16 
10 18 
10 19 
10 21 
10 22 
10 24 
11 19 
11 20 
11 13 
12 17 
12 19 
12 20 
12 23 
12 25 
12 28 
12 29 
13 16 
13 20 
13 21 
13 23 
13 29 
13 15 
14 16 
14 18 
14 22 
15 20 
15 21 
15 22 
15 23 
15 24 
15 27 
16 19 
16 27 
16 28 
17 22 
17 26 
17 28 
18 19 
18 26 
19 21 
20 21 
20 23 
20 28 
20 29 
21 23 
21 25 
21 28 
22 25 
22 26 
22 28 
23 25 
23 27 
23 28 
24 28 
25 28 
26 28 
