1 17 
1 18 
1 4 
1 5 
1 21 
1 6 
1 22 
1 7 
1 8 
1 12 
1 14 
1 15 
2 16 
2 18 
2 19 
2 4 
2 5 
2 22 
2 6 
2 9 
2 12 
3 17 
3 18 
3 19 
3 20 
3 5 
3 22 
3 8 
3 9 
3 11 
3 13 
3 14 
4 7 
4 9 
4 10 
4 11 
4 12 
4 13 
4 14 
4 15 
4 18 
4 20 
4 22 
4 23 
5 18 
5 20 
5 21 
5 22 
5 8 
5 11 
5 13 
5 14 
5 15 
6 16 
6 17 
6 18 
6 19 
6 22 
6 7 
6 23 
6 10 
7 17 
7 20 
7 21 
7 23 
7 9 
7 10 
7 11 
7 15 
8 9 
8 10 
8 12 
8 13 
8 16 
8 17 
8 18 
8 19 
8 20 
8 22 
9 16 
9 18 
9 19 
9 20 
9 22 
9 12 
9 13 
10 12 
10 13 
10 14 
10 15 
10 17 
10 18 
10 20 
10 22 
10 23 
11 12 
11 13 
11 14 
11 16 
11 17 
11 19 
11 20 
11 21 
11 23 
12 16 
12 17 
12 19 
12 23 
12 15 
13 16 
13 21 
13 15 
14 16 
14 17 
14 18 
14 19 
14 20 
14 22 
15 17 
15 18 
15 19 
15 23 
16 18 
16 20 
16 22 
16 23 
17 18 
17 19 
17 20 
17 22 
17 23 
18 19 
18 20 
19 20 
19 21 
19 22 
19 23 
20 21 
21 22 
22 23 
