1 3 
1 4 
1 5 
1 6 
1 7 
1 9 
1 12 
1 14 
1 15 
1 16 
1 19 
1 22 
1 25 
2 4 
2 6 
2 7 
2 8 
2 10 
2 11 
2 12 
2 13 
2 14 
2 18 
2 21 
2 22 
2 23 
2 24 
2 25 
3 18 
3 8 
3 25 
3 11 
3 13 
4 16 
4 17 
4 19 
4 21 
4 22 
4 23 
4 25 
4 9 
4 14 
5 16 
5 17 
5 18 
5 21 
5 6 
5 7 
5 8 
5 10 
5 15 
6 17 
6 19 
6 21 
6 22 
6 24 
6 25 
6 12 
6 13 
7 16 
7 19 
7 22 
7 23 
7 11 
7 12 
7 13 
7 14 
8 9 
8 12 
8 14 
8 17 
8 18 
8 19 
8 20 
8 22 
8 23 
8 24 
8 25 
9 10 
9 12 
9 13 
9 15 
9 16 
9 19 
9 20 
9 21 
9 22 
9 24 
9 25 
10 18 
10 19 
10 21 
10 22 
10 24 
10 14 
11 17 
11 19 
11 20 
11 21 
11 22 
11 24 
11 25 
11 14 
11 15 
12 18 
12 20 
12 21 
12 22 
12 23 
12 13 
13 18 
13 20 
13 25 
13 14 
13 15 
14 15 
14 16 
14 19 
14 21 
14 24 
14 25 
15 17 
15 18 
15 19 
15 21 
15 22 
15 24 
16 22 
16 23 
16 24 
17 20 
17 21 
17 22 
17 23 
17 25 
18 19 
18 21 
18 23 
18 24 
19 21 
19 22 
19 24 
20 21 
20 22 
20 25 
21 22 
22 23 
23 24 
23 25 
24 25 
