1 2 
1 19 
1 3 
1 7 
1 24 
1 26 
1 11 
1 30 
2 32 
2 5 
2 7 
2 8 
2 12 
2 14 
2 15 
2 19 
2 22 
2 24 
2 26 
2 29 
2 30 
3 20 
3 6 
3 9 
3 29 
3 13 
3 14 
3 15 
4 19 
4 5 
4 7 
4 23 
4 8 
4 24 
4 12 
4 29 
4 14 
4 15 
5 16 
5 17 
5 19 
5 7 
5 11 
5 27 
5 12 
5 31 
5 15 
6 21 
6 25 
6 27 
6 29 
6 14 
6 31 
7 32 
7 16 
7 20 
7 8 
7 27 
7 11 
7 29 
7 30 
8 32 
8 19 
8 25 
8 31 
8 15 
9 32 
9 21 
9 22 
10 16 
10 17 
10 24 
10 11 
10 27 
10 13 
11 16 
11 23 
11 24 
11 12 
11 28 
11 30 
12 20 
12 23 
12 24 
12 27 
12 29 
12 15 
13 20 
13 22 
13 29 
14 16 
14 17 
14 18 
14 19 
14 27 
15 17 
15 19 
15 21 
15 23 
15 26 
15 28 
15 30 
15 31 
16 22 
16 29 
17 32 
17 18 
17 29 
17 31 
18 32 
18 24 
18 27 
18 28 
19 20 
19 21 
19 23 
19 26 
19 30 
19 31 
20 21 
20 25 
21 23 
21 24 
21 25 
21 26 
21 29 
21 30 
21 31 
22 23 
22 25 
22 31 
23 32 
23 27 
24 31 
25 27 
25 30 
26 32 
26 28 
28 30 
30 31 
