1 18 
1 3 
1 19 
1 4 
1 5 
1 7 
1 8 
1 12 
1 13 
1 14 
2 16 
2 18 
2 19 
2 20 
2 6 
2 7 
2 9 
2 10 
2 11 
2 13 
2 14 
2 15 
3 18 
3 4 
3 5 
3 6 
3 7 
3 8 
3 9 
4 16 
4 17 
4 18 
4 20 
4 5 
4 6 
4 8 
4 12 
4 13 
4 15 
5 6 
5 10 
5 11 
5 13 
5 15 
5 16 
5 17 
5 18 
5 19 
5 20 
6 7 
6 9 
6 10 
6 11 
6 12 
6 14 
6 15 
6 16 
6 17 
6 20 
7 8 
7 9 
7 11 
7 12 
7 14 
7 15 
7 17 
7 19 
7 20 
8 9 
8 11 
8 13 
8 14 
8 15 
8 17 
8 18 
8 19 
8 20 
9 18 
9 10 
9 11 
9 13 
9 14 
9 15 
10 16 
10 18 
10 19 
10 20 
10 11 
10 14 
10 15 
11 12 
11 13 
11 14 
11 15 
11 16 
11 17 
11 20 
12 16 
12 17 
12 13 
12 14 
12 15 
13 18 
13 19 
13 14 
13 15 
14 15 
14 16 
14 17 
14 18 
14 19 
14 20 
15 16 
15 18 
15 20 
16 18 
17 18 
17 19 
17 20 
18 20 
