1 3 
1 20 
1 5 
1 23 
1 25 
1 9 
1 26 
1 11 
1 13 
2 19 
2 22 
2 7 
2 26 
2 11 
2 15 
3 32 
3 16 
3 21 
3 10 
3 27 
3 12 
3 14 
4 6 
4 7 
4 8 
4 26 
4 12 
4 28 
4 15 
5 19 
5 21 
5 23 
5 8 
5 25 
5 26 
5 27 
5 13 
5 30 
6 19 
6 22 
6 23 
6 25 
6 9 
6 10 
6 14 
6 15 
6 31 
7 21 
7 22 
7 24 
7 25 
7 9 
7 28 
7 30 
8 32 
8 18 
8 29 
9 21 
9 22 
9 25 
9 26 
9 14 
10 32 
10 20 
10 24 
10 26 
10 27 
10 29 
10 15 
10 31 
11 19 
11 20 
11 21 
11 26 
11 14 
12 25 
12 26 
12 30 
13 32 
13 17 
13 19 
13 21 
13 28 
14 17 
14 19 
14 21 
14 26 
15 18 
15 23 
15 29 
16 32 
16 18 
16 20 
16 21 
16 22 
16 24 
16 25 
17 22 
17 25 
17 26 
17 28 
18 19 
18 22 
18 26 
19 32 
19 21 
19 28 
20 22 
20 28 
21 32 
21 27 
21 29 
22 26 
23 32 
23 27 
23 31 
25 26 
25 29 
26 30 
30 31 
