1 17 
1 19 
1 20 
1 21 
1 5 
1 22 
1 23 
1 8 
1 9 
1 10 
1 11 
1 14 
2 3 
2 5 
2 6 
2 7 
2 10 
2 13 
2 14 
2 15 
2 16 
2 17 
2 18 
2 21 
2 22 
3 17 
3 19 
3 20 
3 4 
3 22 
3 7 
3 23 
3 9 
3 13 
3 14 
3 15 
4 18 
4 19 
4 20 
4 21 
4 5 
4 23 
4 7 
4 8 
4 10 
4 15 
5 16 
5 20 
5 21 
5 6 
5 8 
5 10 
5 12 
5 13 
5 14 
6 7 
6 9 
6 10 
6 11 
6 12 
6 13 
6 16 
6 18 
6 19 
6 21 
6 22 
6 23 
7 8 
7 9 
7 11 
7 15 
7 16 
7 17 
7 18 
7 19 
7 20 
8 10 
8 13 
8 14 
8 15 
8 17 
8 20 
8 21 
8 22 
8 23 
9 16 
9 20 
9 22 
9 12 
9 15 
10 11 
10 12 
10 14 
10 16 
10 19 
10 20 
10 22 
11 16 
11 18 
11 19 
11 20 
11 22 
11 23 
11 14 
12 19 
12 13 
12 14 
12 15 
13 18 
13 19 
13 20 
13 22 
14 16 
14 17 
14 20 
14 22 
14 23 
15 17 
15 18 
15 19 
15 22 
15 23 
16 20 
16 23 
17 18 
17 19 
17 20 
17 22 
17 23 
18 19 
18 20 
18 21 
18 22 
18 23 
19 20 
19 23 
20 22 
20 23 
21 22 
21 23 
