1 17 
1 18 
1 3 
1 19 
1 6 
1 22 
1 23 
1 10 
1 11 
1 13 
2 17 
2 22 
2 6 
2 9 
2 11 
2 13 
2 15 
3 17 
3 18 
3 19 
3 4 
3 20 
3 21 
3 12 
3 14 
3 15 
4 16 
4 18 
4 20 
4 21 
4 5 
4 6 
4 9 
4 10 
4 13 
5 20 
5 21 
5 6 
5 23 
5 10 
5 11 
5 12 
5 15 
6 9 
6 12 
6 13 
6 14 
6 15 
6 16 
6 18 
6 19 
6 21 
6 22 
7 9 
7 12 
7 14 
7 15 
8 20 
8 21 
8 22 
8 9 
8 12 
9 16 
9 19 
9 20 
9 21 
9 11 
9 12 
9 13 
10 12 
10 13 
11 17 
11 19 
11 20 
11 23 
11 12 
12 16 
12 17 
12 21 
12 15 
13 18 
13 19 
13 21 
13 22 
13 14 
14 19 
14 20 
14 23 
15 17 
15 18 
15 20 
15 21 
15 22 
15 23 
16 17 
16 19 
16 20 
16 21 
16 23 
17 18 
17 19 
17 20 
17 22 
18 19 
18 20 
19 21 
19 22 
20 22 
21 22 
22 23 
