1 16 
1 19 
1 6 
1 7 
1 23 
1 14 
2 16 
2 3 
2 6 
2 7 
2 10 
2 26 
2 12 
2 13 
2 14 
3 18 
3 4 
3 22 
3 6 
3 23 
3 25 
3 10 
3 11 
3 12 
4 18 
4 5 
4 21 
4 6 
4 23 
4 24 
4 9 
4 25 
4 10 
4 11 
5 16 
5 17 
5 18 
5 24 
5 8 
6 19 
6 21 
6 22 
6 8 
6 25 
6 12 
7 18 
7 20 
7 24 
7 10 
8 16 
8 18 
8 19 
8 20 
8 23 
8 14 
9 17 
9 24 
9 26 
9 14 
10 16 
10 24 
11 16 
11 19 
11 24 
11 13 
12 16 
12 19 
12 21 
12 23 
13 17 
13 22 
13 26 
13 14 
13 15 
14 19 
14 20 
14 22 
15 18 
15 20 
16 21 
16 23 
16 24 
16 25 
16 26 
17 22 
17 24 
17 26 
18 19 
18 26 
19 21 
19 22 
19 25 
20 23 
20 25 
21 26 
22 23 
22 24 
22 26 
23 24 
24 25 
