1 2 
1 18 
1 19 
1 3 
1 20 
1 22 
1 6 
1 9 
1 26 
1 11 
1 12 
1 15 
2 18 
2 20 
2 6 
2 24 
2 8 
2 26 
2 12 
2 28 
2 13 
3 19 
3 21 
3 22 
3 7 
3 8 
3 25 
3 9 
3 11 
3 28 
3 29 
4 17 
4 21 
4 23 
4 8 
4 28 
4 12 
4 13 
4 15 
5 16 
5 17 
5 18 
5 6 
5 23 
5 10 
5 28 
5 12 
5 15 
6 7 
6 8 
6 10 
6 12 
6 13 
6 15 
6 18 
6 20 
6 22 
6 24 
6 27 
7 17 
7 19 
7 22 
7 8 
7 24 
7 25 
7 9 
7 12 
8 17 
8 22 
8 10 
8 27 
8 28 
8 14 
8 15 
9 23 
9 24 
9 25 
9 26 
9 10 
9 27 
9 11 
10 12 
10 15 
10 16 
10 20 
10 21 
10 22 
10 23 
10 24 
10 27 
10 29 
11 16 
11 17 
11 18 
11 27 
11 29 
11 13 
11 14 
12 15 
12 18 
12 20 
12 21 
12 22 
12 24 
12 25 
12 28 
12 29 
13 16 
13 17 
13 25 
13 15 
14 16 
14 18 
14 20 
14 22 
14 29 
15 16 
15 17 
15 19 
15 22 
15 23 
15 28 
16 20 
17 19 
17 21 
17 22 
17 25 
17 29 
18 21 
18 22 
18 25 
18 29 
19 20 
19 24 
20 25 
20 26 
20 27 
20 28 
20 29 
21 25 
22 25 
22 26 
22 27 
23 24 
23 26 
23 29 
24 25 
24 26 
26 27 
26 28 
