1 16 
1 3 
1 20 
1 6 
1 22 
1 23 
1 7 
1 8 
1 25 
2 17 
2 19 
2 4 
2 6 
2 22 
2 25 
2 12 
2 14 
2 15 
3 19 
3 21 
3 22 
3 6 
3 7 
3 10 
3 12 
3 13 
3 15 
4 16 
4 19 
4 5 
4 6 
4 7 
4 9 
4 12 
5 20 
5 6 
5 23 
5 7 
5 24 
5 9 
6 8 
6 12 
6 15 
6 17 
6 18 
6 19 
6 21 
6 23 
6 24 
6 25 
7 8 
7 10 
7 11 
7 12 
7 13 
7 15 
7 17 
7 19 
7 24 
7 25 
8 22 
8 23 
8 24 
8 25 
8 9 
8 11 
9 17 
9 10 
9 15 
10 16 
10 18 
10 20 
10 11 
10 12 
10 13 
10 14 
10 15 
11 17 
11 19 
11 20 
11 21 
11 24 
11 13 
12 21 
12 23 
12 24 
12 14 
12 15 
14 23 
14 24 
15 16 
15 20 
15 21 
15 24 
16 17 
16 18 
16 19 
16 23 
17 18 
17 20 
17 24 
17 25 
18 19 
18 24 
18 25 
19 20 
20 21 
20 23 
21 25 
23 25 
