1 16 
1 18 
1 21 
1 7 
1 8 
1 26 
1 11 
1 12 
1 30 
2 16 
2 32 
2 6 
2 8 
2 10 
2 28 
2 13 
2 14 
2 30 
2 31 
3 21 
3 5 
3 22 
3 25 
3 26 
3 13 
4 16 
4 20 
4 27 
4 28 
4 29 
4 30 
5 32 
5 17 
5 20 
5 7 
5 23 
5 10 
5 27 
5 11 
5 28 
5 31 
5 15 
6 19 
6 21 
6 23 
6 7 
6 8 
6 24 
6 9 
6 25 
6 29 
6 14 
7 32 
7 16 
7 26 
7 12 
7 13 
7 29 
7 30 
8 17 
8 22 
8 10 
8 12 
9 16 
9 18 
9 21 
9 22 
9 26 
9 11 
10 19 
10 25 
10 28 
10 13 
10 30 
10 15 
11 19 
11 22 
11 29 
11 13 
12 20 
12 26 
12 30 
12 31 
13 32 
13 14 
13 20 
13 21 
13 25 
13 27 
13 29 
13 30 
13 31 
14 32 
14 19 
14 29 
15 19 
15 25 
15 27 
15 28 
16 25 
16 27 
16 30 
17 21 
17 23 
17 31 
18 20 
18 26 
19 24 
19 25 
19 30 
19 31 
20 32 
20 24 
20 25 
21 24 
21 27 
21 28 
21 29 
21 30 
22 26 
22 31 
23 31 
24 26 
24 27 
24 29 
24 30 
25 26 
25 29 
28 31 
30 31 
