1 17 
1 34 
1 22 
1 7 
1 25 
2 34 
2 5 
2 6 
2 11 
3 17 
3 5 
3 6 
3 22 
3 9 
3 13 
4 20 
4 22 
4 8 
4 25 
4 10 
4 11 
4 14 
5 17 
5 6 
5 24 
5 25 
5 26 
5 28 
5 29 
5 30 
5 31 
6 17 
6 19 
6 25 
6 27 
6 31 
7 34 
7 21 
7 8 
7 9 
7 26 
7 12 
8 32 
8 19 
8 22 
8 9 
8 30 
8 31 
9 20 
9 21 
9 24 
9 28 
9 14 
10 20 
10 27 
10 11 
10 12 
10 31 
10 15 
11 34 
11 25 
11 30 
11 15 
12 16 
12 26 
12 13 
13 18 
13 29 
13 14 
14 17 
14 33 
14 35 
14 31 
15 16 
15 18 
15 35 
15 20 
15 24 
16 29 
17 33 
17 34 
17 25 
17 27 
18 33 
18 19 
18 21 
18 30 
19 26 
19 27 
19 30 
20 35 
20 28 
20 31 
21 23 
21 30 
22 25 
22 27 
22 31 
23 29 
23 30 
23 31 
24 29 
25 26 
25 27 
27 30 
27 31 
30 33 
30 34 
30 35 
32 33 
