1 16 
1 17 
1 2 
1 3 
1 5 
1 7 
1 10 
1 11 
1 13 
2 3 
2 4 
2 9 
2 10 
2 11 
2 12 
2 13 
2 14 
2 15 
2 17 
2 18 
2 20 
3 19 
3 8 
3 10 
3 11 
3 12 
3 13 
4 16 
4 17 
4 19 
4 20 
4 5 
4 7 
4 10 
4 11 
4 12 
4 13 
4 14 
5 6 
5 7 
5 9 
5 11 
5 12 
5 13 
5 14 
5 16 
5 17 
5 18 
5 19 
6 17 
6 19 
6 7 
6 8 
6 11 
6 13 
7 17 
7 18 
7 20 
7 8 
7 9 
7 12 
7 14 
7 15 
8 9 
8 10 
8 11 
8 12 
8 13 
8 14 
8 15 
8 17 
8 19 
8 20 
9 17 
9 19 
9 10 
9 12 
9 13 
10 17 
10 19 
10 20 
10 11 
10 13 
10 15 
11 13 
11 14 
11 16 
11 18 
11 19 
12 16 
12 19 
12 13 
12 14 
13 15 
13 18 
13 20 
14 18 
14 19 
14 15 
15 16 
15 17 
15 19 
16 17 
16 18 
16 20 
17 18 
17 20 
18 19 
18 20 
19 20 
