1 5 
1 8 
1 10 
2 17 
2 4 
2 20 
2 23 
2 24 
2 26 
2 15 
3 19 
3 22 
3 23 
3 25 
3 10 
4 24 
4 9 
4 10 
4 14 
4 15 
5 7 
5 23 
5 8 
5 11 
5 12 
5 14 
6 23 
6 25 
7 22 
7 8 
7 11 
7 15 
8 17 
8 20 
8 22 
8 23 
8 24 
8 25 
8 26 
8 11 
9 22 
9 25 
9 10 
9 13 
9 14 
10 16 
10 20 
10 21 
10 22 
10 14 
11 16 
11 17 
11 20 
11 23 
11 26 
11 13 
11 14 
12 16 
12 24 
12 13 
13 18 
13 20 
13 21 
13 22 
13 23 
13 26 
14 19 
14 22 
14 24 
14 26 
15 17 
15 18 
15 19 
15 22 
15 23 
15 26 
16 17 
16 21 
16 24 
17 20 
17 24 
18 20 
18 22 
18 25 
19 23 
19 26 
20 22 
20 26 
22 24 
24 26 
