1 16 
1 2 
1 4 
1 5 
1 7 
1 10 
1 11 
1 12 
1 13 
1 14 
2 16 
2 17 
2 19 
2 20 
2 4 
2 6 
2 7 
2 9 
2 11 
3 18 
3 20 
3 23 
3 7 
3 8 
3 10 
3 12 
3 13 
3 15 
4 16 
4 19 
4 7 
4 23 
4 9 
4 12 
4 15 
5 17 
5 18 
5 19 
5 20 
5 6 
5 7 
5 23 
6 16 
6 17 
6 19 
6 8 
6 10 
6 12 
7 16 
7 18 
7 19 
7 20 
7 23 
7 12 
7 14 
8 17 
8 20 
8 10 
8 11 
8 12 
8 13 
8 14 
9 16 
9 18 
9 19 
9 20 
9 23 
9 10 
9 12 
9 14 
10 17 
11 16 
11 19 
11 21 
11 22 
11 12 
11 13 
11 14 
11 15 
12 13 
12 14 
12 17 
12 22 
12 23 
13 16 
13 18 
13 22 
14 17 
14 18 
14 20 
14 21 
14 22 
14 23 
15 16 
15 18 
15 23 
16 19 
16 20 
16 21 
17 18 
17 19 
17 21 
18 19 
18 20 
19 21 
19 22 
20 21 
20 22 
20 23 
21 23 
