1 17 
1 2 
1 18 
1 19 
1 7 
1 23 
1 10 
1 13 
1 14 
2 18 
2 20 
2 21 
2 8 
2 9 
2 11 
2 15 
3 16 
3 17 
3 19 
3 13 
4 17 
4 5 
4 21 
4 22 
4 7 
4 23 
4 9 
4 10 
4 11 
4 12 
4 14 
4 15 
5 20 
5 6 
5 7 
5 9 
5 10 
5 12 
5 13 
5 15 
6 16 
6 19 
6 22 
6 7 
6 8 
6 9 
6 10 
6 11 
7 19 
7 12 
7 14 
7 15 
8 16 
8 20 
8 23 
8 11 
8 12 
8 14 
9 23 
9 10 
9 12 
9 13 
10 17 
10 22 
10 23 
10 13 
10 14 
10 15 
11 16 
11 19 
11 20 
11 21 
11 12 
12 16 
12 17 
12 21 
12 13 
13 18 
13 19 
13 21 
13 14 
14 16 
14 18 
14 22 
14 15 
15 18 
15 19 
15 22 
15 23 
16 21 
17 18 
17 19 
17 22 
17 23 
18 20 
18 21 
19 20 
20 22 
21 22 
21 23 
