1 2 
1 19 
1 4 
1 21 
1 7 
1 9 
1 10 
1 27 
1 12 
1 13 
1 30 
1 15 
2 5 
2 7 
2 11 
2 12 
3 32 
3 17 
3 18 
3 4 
3 7 
3 8 
3 9 
3 26 
3 14 
3 31 
4 16 
4 32 
4 18 
4 8 
4 26 
4 12 
4 29 
4 14 
4 31 
5 32 
5 21 
5 23 
5 7 
5 8 
5 25 
5 26 
5 13 
5 29 
5 30 
6 19 
6 7 
6 8 
6 11 
6 12 
6 28 
6 29 
7 9 
7 17 
7 22 
7 24 
7 27 
7 29 
7 30 
7 31 
8 16 
8 17 
8 22 
8 25 
8 28 
9 16 
9 23 
9 10 
9 13 
9 14 
9 30 
9 31 
10 17 
10 19 
10 11 
10 14 
10 15 
11 16 
11 17 
11 18 
11 23 
11 29 
11 14 
11 30 
12 17 
12 19 
12 20 
12 30 
13 16 
13 17 
13 20 
13 26 
14 19 
14 20 
14 23 
14 30 
15 19 
15 25 
15 27 
15 28 
16 32 
16 18 
16 21 
16 22 
16 24 
16 28 
16 30 
16 31 
17 19 
17 20 
17 22 
17 24 
17 29 
17 30 
18 20 
18 22 
18 24 
18 30 
19 24 
19 27 
19 29 
20 21 
20 22 
20 26 
20 29 
20 31 
21 32 
21 24 
21 25 
21 27 
21 28 
21 29 
21 31 
22 25 
22 26 
23 24 
23 25 
24 32 
24 28 
24 31 
25 26 
25 30 
26 27 
26 30 
27 32 
27 30 
28 29 
29 30 
29 31 
31 32 
