1 17 
1 2 
1 3 
1 5 
1 21 
1 10 
1 11 
1 13 
1 14 
2 4 
2 5 
2 8 
3 4 
3 11 
3 15 
4 16 
4 18 
4 21 
4 6 
4 7 
4 25 
4 10 
4 15 
5 6 
5 7 
5 8 
5 10 
5 11 
5 12 
5 13 
5 14 
5 17 
5 18 
5 19 
5 20 
5 22 
5 24 
6 17 
6 19 
6 21 
6 8 
6 11 
6 12 
6 13 
6 14 
7 16 
7 17 
7 18 
7 21 
7 23 
7 9 
7 10 
7 11 
7 14 
7 15 
8 17 
8 20 
8 9 
8 25 
8 13 
8 14 
8 15 
9 17 
9 18 
9 22 
9 23 
9 10 
10 19 
10 22 
10 15 
11 13 
11 14 
11 16 
11 19 
11 21 
11 22 
11 23 
11 24 
11 25 
12 16 
12 18 
12 24 
12 25 
12 14 
12 15 
13 18 
13 20 
13 22 
13 23 
13 15 
14 20 
14 22 
14 23 
15 17 
15 24 
16 21 
16 24 
17 22 
18 19 
18 23 
18 25 
19 21 
19 24 
20 21 
20 23 
20 25 
21 23 
22 25 
23 24 
24 25 
