1 2 
1 3 
1 20 
1 5 
1 7 
1 11 
1 12 
1 13 
2 17 
2 18 
2 4 
2 6 
2 8 
2 9 
3 16 
3 17 
3 18 
3 19 
3 20 
3 5 
3 6 
3 8 
3 13 
3 15 
4 19 
4 6 
4 7 
4 8 
4 9 
4 10 
4 11 
4 12 
4 13 
4 14 
4 15 
5 17 
5 18 
5 19 
5 20 
5 6 
5 7 
5 8 
5 9 
5 12 
6 8 
6 9 
6 10 
6 12 
6 13 
6 14 
6 15 
6 18 
6 19 
7 8 
7 9 
7 10 
7 12 
7 14 
7 15 
7 16 
7 17 
7 18 
7 19 
8 17 
8 18 
8 19 
8 9 
8 10 
9 16 
9 17 
9 18 
9 19 
9 20 
10 18 
10 11 
10 12 
10 13 
10 14 
10 15 
11 17 
11 19 
11 12 
11 14 
11 15 
12 17 
12 18 
12 13 
12 15 
13 14 
13 15 
14 16 
14 20 
14 15 
15 16 
16 17 
16 19 
16 20 
17 18 
17 20 
18 19 
