1 16 
1 17 
1 2 
1 4 
1 21 
1 27 
1 12 
1 30 
2 19 
2 20 
2 7 
2 23 
2 24 
2 25 
2 26 
2 10 
2 13 
3 19 
3 7 
3 8 
3 25 
3 26 
3 15 
4 32 
4 7 
4 8 
4 10 
4 13 
4 14 
4 15 
4 16 
4 18 
4 19 
4 23 
4 24 
4 31 
5 20 
5 21 
5 7 
5 24 
5 26 
5 10 
5 13 
5 30 
5 14 
5 31 
6 17 
6 7 
6 8 
6 25 
6 26 
6 10 
6 28 
6 13 
7 17 
7 20 
7 21 
7 22 
7 30 
7 14 
8 18 
8 19 
8 23 
8 24 
8 10 
8 11 
8 29 
8 15 
9 32 
9 22 
9 10 
9 12 
9 15 
10 11 
10 17 
10 18 
10 22 
10 25 
10 28 
10 31 
11 16 
11 17 
11 20 
11 27 
11 29 
11 13 
12 17 
12 22 
12 23 
12 26 
12 14 
12 15 
13 20 
13 22 
13 26 
13 27 
14 19 
14 23 
14 25 
14 28 
14 29 
15 16 
15 22 
15 24 
15 27 
15 30 
15 31 
16 18 
16 25 
16 27 
17 23 
17 25 
17 30 
18 19 
18 22 
19 22 
19 23 
19 27 
19 28 
20 32 
20 21 
20 22 
20 25 
21 23 
21 29 
22 25 
22 26 
22 28 
23 24 
23 28 
23 29 
23 31 
24 26 
25 32 
26 28 
27 32 
27 28 
27 29 
27 30 
27 31 
