1 19 
1 4 
1 6 
1 12 
2 18 
2 5 
2 23 
2 25 
2 9 
3 18 
3 4 
3 23 
3 8 
3 26 
3 11 
3 14 
4 16 
4 5 
4 21 
4 9 
4 11 
4 13 
4 14 
5 17 
5 24 
5 9 
5 12 
5 13 
6 24 
6 8 
6 9 
6 25 
6 10 
6 11 
6 14 
7 22 
7 9 
7 12 
7 14 
8 18 
8 19 
8 22 
8 9 
8 13 
9 25 
10 16 
10 18 
10 23 
10 12 
10 15 
11 21 
11 23 
11 24 
11 25 
11 26 
11 13 
12 22 
12 13 
12 15 
13 18 
13 24 
14 16 
14 19 
14 20 
14 26 
15 17 
15 20 
15 23 
16 19 
16 20 
16 25 
17 18 
17 23 
18 22 
18 24 
18 26 
19 26 
23 24 
24 25 
25 26 
