1 16 
1 5 
1 21 
1 6 
1 14 
1 15 
2 17 
2 20 
2 5 
2 22 
2 6 
2 23 
2 7 
2 14 
3 16 
3 20 
3 21 
3 23 
3 8 
3 12 
3 13 
4 17 
4 18 
4 19 
4 21 
4 5 
4 6 
4 23 
4 24 
4 8 
4 10 
5 18 
5 19 
5 23 
5 8 
5 9 
5 10 
5 15 
6 16 
6 18 
6 21 
6 23 
6 10 
7 17 
7 19 
7 20 
7 21 
7 22 
7 10 
7 15 
8 10 
8 11 
8 12 
8 13 
8 14 
8 15 
8 16 
8 17 
8 19 
8 22 
8 24 
9 17 
9 20 
9 23 
9 25 
9 10 
9 11 
9 14 
10 12 
10 15 
10 16 
10 17 
10 20 
10 23 
10 25 
11 17 
11 21 
11 23 
11 15 
12 17 
12 18 
12 25 
12 13 
12 14 
12 15 
13 17 
13 21 
13 22 
13 15 
14 19 
14 25 
15 18 
16 19 
16 20 
16 22 
16 25 
17 19 
17 20 
17 21 
17 23 
18 23 
18 24 
19 20 
19 21 
19 22 
19 25 
20 25 
21 24 
22 24 
24 25 
