1 2 
1 3 
1 8 
1 9 
1 11 
1 14 
1 15 
1 16 
1 17 
1 19 
1 20 
1 21 
1 24 
2 4 
2 6 
2 7 
2 8 
2 11 
2 12 
2 13 
2 15 
2 18 
2 19 
2 23 
2 24 
2 25 
3 5 
3 7 
3 8 
3 9 
3 11 
3 12 
3 13 
3 15 
3 16 
3 19 
3 23 
3 24 
4 16 
4 19 
4 5 
4 22 
4 23 
4 7 
4 25 
4 11 
4 12 
4 13 
4 14 
5 20 
5 8 
5 9 
5 13 
5 15 
6 17 
6 18 
6 20 
6 21 
6 22 
6 24 
6 25 
6 10 
6 11 
6 12 
6 13 
7 18 
7 24 
7 8 
7 25 
7 10 
7 11 
7 13 
7 14 
7 15 
8 9 
8 10 
8 11 
8 13 
8 14 
8 17 
8 19 
8 20 
8 22 
8 24 
9 10 
9 11 
9 12 
9 17 
9 18 
9 20 
9 21 
9 22 
9 25 
10 24 
10 12 
10 14 
11 12 
11 14 
11 16 
11 18 
11 21 
11 22 
11 23 
11 25 
12 13 
12 17 
12 19 
12 20 
12 21 
12 22 
12 23 
12 25 
13 14 
13 15 
13 16 
13 18 
13 19 
13 21 
13 22 
13 25 
14 19 
14 21 
14 22 
14 25 
15 17 
15 18 
15 20 
15 21 
15 23 
15 25 
16 17 
16 18 
16 19 
16 20 
16 23 
16 24 
17 18 
17 20 
17 23 
17 25 
18 20 
19 20 
19 23 
20 22 
20 23 
20 25 
22 23 
22 24 
23 25 
24 25 
