1 5 
2 21 
2 8 
2 26 
2 13 
3 7 
3 15 
4 17 
4 18 
4 34 
4 9 
4 26 
4 12 
4 30 
4 31 
5 17 
5 18 
5 20 
5 22 
5 23 
5 7 
5 9 
5 29 
5 30 
5 14 
6 32 
6 10 
6 14 
6 30 
7 23 
7 8 
7 10 
8 33 
8 18 
8 23 
8 24 
8 12 
8 15 
9 17 
9 23 
9 24 
9 25 
9 10 
9 15 
10 35 
10 20 
10 26 
10 13 
10 29 
11 17 
11 20 
11 27 
11 28 
12 24 
12 26 
12 29 
12 30 
13 19 
13 26 
13 27 
14 16 
14 18 
14 34 
14 21 
14 29 
14 31 
15 18 
15 28 
16 33 
16 23 
16 24 
16 26 
16 27 
17 23 
17 28 
18 34 
19 34 
19 21 
19 22 
19 24 
19 28 
20 33 
20 24 
20 25 
20 26 
20 28 
21 29 
21 30 
22 33 
22 35 
22 28 
23 27 
23 29 
24 25 
24 26 
25 32 
25 27 
26 27 
26 28 
26 30 
27 32 
27 33 
27 29 
28 33 
28 35 
28 29 
29 32 
30 33 
30 31 
34 35 
