1 19 
1 20 
1 21 
1 22 
1 7 
1 8 
1 9 
1 26 
1 10 
1 12 
1 13 
1 29 
2 17 
2 18 
2 3 
2 20 
2 10 
2 26 
3 16 
3 5 
3 6 
3 22 
3 7 
3 9 
3 13 
4 16 
4 18 
4 20 
4 22 
4 7 
4 23 
4 24 
4 27 
4 11 
5 21 
5 6 
5 23 
5 25 
5 27 
5 13 
5 29 
6 17 
6 20 
6 23 
6 8 
6 28 
7 17 
7 19 
7 21 
7 23 
7 8 
7 27 
7 12 
7 13 
8 17 
8 22 
8 23 
8 25 
8 10 
8 12 
8 29 
8 15 
9 20 
9 21 
9 24 
9 25 
9 26 
9 28 
9 13 
9 14 
10 18 
10 25 
10 26 
10 27 
10 11 
10 12 
10 28 
10 14 
11 16 
11 18 
11 22 
11 27 
11 12 
11 28 
11 15 
12 17 
12 19 
12 20 
12 27 
12 29 
12 14 
13 21 
13 23 
13 28 
13 29 
13 14 
13 15 
14 24 
14 26 
15 18 
15 21 
15 25 
15 27 
16 19 
16 20 
16 21 
16 29 
17 18 
17 19 
17 20 
17 24 
18 19 
18 20 
18 21 
18 22 
18 23 
18 24 
18 27 
19 20 
19 23 
19 26 
19 27 
19 29 
20 23 
21 24 
21 26 
21 27 
21 29 
24 27 
26 28 
