1 3 
1 20 
1 6 
1 7 
1 8 
1 15 
2 18 
2 3 
2 6 
2 22 
2 10 
2 11 
2 14 
3 20 
3 4 
3 22 
3 24 
3 25 
3 12 
3 13 
4 18 
4 19 
4 6 
4 13 
5 18 
5 20 
5 21 
5 6 
5 10 
5 11 
5 12 
6 27 
6 28 
7 16 
7 17 
7 22 
7 23 
7 11 
7 12 
7 14 
8 19 
8 10 
8 27 
8 11 
8 28 
8 14 
9 16 
9 21 
9 24 
9 25 
9 10 
9 27 
9 12 
9 14 
10 17 
10 20 
10 22 
10 25 
10 27 
10 11 
10 12 
10 13 
11 20 
11 26 
11 12 
11 28 
11 15 
12 19 
12 20 
12 21 
12 23 
12 28 
13 19 
13 23 
13 27 
13 15 
14 16 
14 17 
14 24 
14 25 
15 20 
15 21 
15 23 
15 26 
15 27 
16 19 
16 21 
17 19 
17 20 
17 23 
17 24 
17 25 
17 26 
18 20 
19 23 
19 24 
19 26 
20 23 
20 24 
20 28 
21 25 
21 26 
21 28 
22 25 
22 27 
23 28 
24 29 
25 26 
25 28 
27 28 
