1 17 
1 2 
1 3 
1 5 
1 21 
1 24 
1 9 
1 26 
1 15 
2 16 
2 20 
2 4 
2 5 
2 21 
2 22 
2 24 
2 8 
2 11 
2 13 
2 14 
3 5 
3 7 
3 10 
3 14 
3 15 
3 16 
3 17 
3 19 
3 20 
3 24 
3 25 
3 26 
4 16 
4 19 
4 21 
4 9 
4 10 
4 26 
4 11 
4 12 
4 15 
5 18 
5 19 
5 6 
5 7 
5 25 
5 10 
5 26 
5 11 
5 15 
6 16 
6 18 
6 19 
6 20 
6 21 
6 22 
6 23 
6 7 
6 24 
6 12 
6 14 
7 19 
7 20 
7 21 
7 9 
7 26 
7 13 
8 17 
8 22 
8 24 
8 25 
8 26 
8 11 
8 12 
9 16 
9 20 
9 23 
9 25 
9 10 
9 11 
9 15 
10 20 
10 22 
10 12 
10 13 
10 15 
11 18 
11 23 
11 25 
11 26 
11 12 
12 18 
12 20 
12 21 
12 24 
12 25 
12 15 
13 16 
13 19 
13 20 
13 23 
13 24 
13 26 
14 23 
14 25 
14 26 
14 15 
15 16 
15 17 
15 20 
15 21 
15 24 
15 25 
15 26 
16 17 
16 18 
16 24 
16 25 
17 21 
17 23 
17 24 
17 25 
17 26 
18 21 
18 22 
18 24 
18 26 
19 20 
19 21 
19 23 
19 24 
19 26 
20 24 
20 25 
20 26 
21 23 
21 24 
22 23 
23 26 
24 25 
