1 17 
1 19 
1 23 
1 12 
2 17 
2 34 
2 18 
2 3 
2 23 
2 25 
2 28 
3 34 
3 18 
3 29 
4 20 
4 6 
4 9 
4 28 
4 29 
4 30 
5 17 
5 33 
5 8 
5 11 
5 12 
6 16 
6 35 
6 26 
6 29 
7 33 
7 18 
7 35 
7 8 
7 9 
7 10 
7 14 
8 17 
8 18 
8 24 
8 9 
8 11 
8 14 
9 35 
9 29 
10 22 
10 14 
11 12 
11 13 
11 30 
12 21 
12 22 
13 28 
14 34 
14 22 
14 23 
15 16 
16 17 
16 18 
16 35 
16 20 
17 22 
18 32 
18 29 
19 32 
19 33 
19 34 
19 23 
19 26 
19 27 
20 32 
20 33 
20 21 
20 27 
20 31 
22 24 
22 28 
22 29 
22 31 
23 26 
23 28 
23 31 
24 35 
24 26 
25 26 
26 27 
27 33 
29 30 
30 32 
31 34 
32 33 
