1 16 
1 2 
1 19 
1 20 
1 8 
1 9 
1 10 
1 12 
1 13 
1 14 
2 4 
2 7 
2 9 
2 10 
2 11 
2 12 
2 13 
2 14 
2 15 
2 16 
2 18 
2 19 
3 16 
3 17 
3 18 
3 19 
3 5 
3 6 
3 7 
3 9 
3 11 
3 13 
3 14 
3 15 
4 16 
4 17 
4 20 
4 6 
4 8 
4 9 
4 10 
4 13 
4 14 
5 16 
5 17 
5 18 
5 20 
5 6 
5 11 
5 13 
5 14 
5 15 
6 17 
6 18 
6 12 
6 14 
6 15 
7 17 
7 19 
7 20 
7 9 
7 12 
7 14 
7 15 
8 16 
8 17 
8 20 
8 9 
8 10 
8 11 
8 12 
8 15 
9 11 
9 14 
9 16 
9 17 
9 18 
9 19 
9 20 
10 16 
10 17 
10 18 
10 19 
10 11 
10 12 
10 14 
10 15 
11 16 
11 18 
11 12 
11 13 
11 15 
12 16 
12 20 
12 13 
12 14 
12 15 
13 17 
13 18 
13 19 
13 14 
14 18 
14 19 
15 16 
15 18 
16 20 
17 18 
17 20 
18 19 
18 20 
