1 17 
1 25 
1 11 
1 27 
1 15 
2 18 
2 3 
2 19 
2 20 
2 4 
2 5 
2 22 
2 6 
2 10 
2 11 
3 5 
3 23 
3 24 
3 25 
3 11 
3 13 
4 6 
4 15 
4 16 
4 17 
4 18 
4 19 
4 21 
4 22 
4 23 
4 25 
4 26 
4 29 
5 18 
5 19 
5 9 
5 26 
6 16 
6 7 
6 25 
6 10 
6 11 
6 29 
6 14 
7 17 
7 19 
7 21 
7 24 
7 26 
7 13 
7 15 
8 24 
8 25 
8 27 
9 16 
9 17 
9 22 
9 25 
9 11 
9 12 
9 13 
9 15 
10 17 
10 12 
10 15 
11 19 
11 26 
11 13 
13 16 
13 18 
13 20 
13 21 
13 27 
13 28 
14 16 
14 20 
14 23 
15 17 
15 22 
15 29 
16 19 
16 23 
16 24 
16 27 
17 18 
17 19 
18 20 
19 27 
20 24 
20 27 
20 28 
21 26 
22 27 
22 28 
23 26 
23 27 
24 25 
24 28 
26 27 
27 29 
