1 2 
1 19 
1 20 
1 21 
1 6 
1 23 
1 25 
1 10 
1 12 
1 13 
1 14 
1 15 
2 3 
2 4 
2 20 
2 21 
2 24 
3 16 
3 7 
3 24 
3 25 
3 26 
3 10 
3 11 
3 12 
4 17 
4 21 
4 5 
5 16 
5 20 
5 12 
5 15 
6 17 
6 21 
6 24 
6 8 
7 21 
7 23 
7 13 
7 15 
8 20 
8 21 
8 23 
8 24 
8 10 
8 26 
8 13 
8 15 
9 19 
9 20 
9 25 
9 12 
9 14 
10 17 
10 18 
10 26 
10 13 
11 16 
11 17 
11 22 
11 23 
12 16 
12 25 
12 26 
12 13 
13 16 
13 18 
13 21 
13 25 
14 16 
14 17 
14 25 
15 17 
15 20 
15 24 
15 25 
16 19 
16 23 
16 25 
17 18 
18 25 
18 26 
19 25 
19 26 
20 21 
20 24 
21 22 
22 26 
23 26 
24 25 
