1 32 
1 21 
1 22 
1 7 
1 26 
1 11 
2 22 
2 10 
2 26 
2 30 
3 18 
3 19 
3 20 
3 5 
3 9 
3 26 
3 27 
3 14 
3 30 
4 17 
5 23 
5 7 
5 12 
5 28 
5 14 
5 31 
6 15 
7 20 
7 22 
7 11 
7 13 
7 14 
8 23 
8 10 
8 14 
9 32 
9 23 
9 27 
10 32 
10 23 
10 11 
10 13 
10 29 
10 30 
11 18 
11 23 
11 24 
11 31 
12 21 
12 24 
12 31 
13 16 
13 24 
13 28 
13 30 
13 15 
14 19 
14 22 
14 23 
14 31 
16 30 
17 18 
17 25 
17 30 
17 31 
18 30 
19 22 
19 25 
20 32 
20 29 
22 23 
23 24 
23 28 
24 27 
24 28 
25 27 
26 32 
26 30 
27 29 
29 30 
