1 17 
1 2 
1 3 
1 21 
1 7 
1 10 
1 26 
1 29 
1 14 
1 30 
1 31 
2 17 
2 3 
2 20 
2 21 
2 24 
3 16 
3 18 
3 21 
3 22 
3 6 
3 7 
3 25 
4 21 
4 7 
4 8 
4 11 
4 28 
4 12 
4 13 
4 31 
5 16 
5 20 
5 25 
5 26 
5 14 
5 30 
5 31 
6 7 
6 24 
6 25 
6 14 
6 30 
7 16 
7 19 
7 21 
7 26 
7 12 
8 16 
8 22 
8 23 
8 25 
8 27 
9 32 
9 16 
9 17 
9 25 
9 28 
9 15 
10 25 
10 12 
10 28 
10 13 
10 30 
10 14 
11 32 
11 16 
11 20 
11 21 
11 25 
11 28 
11 29 
12 17 
12 20 
12 21 
12 22 
12 28 
12 13 
13 19 
13 21 
13 22 
13 23 
13 24 
13 26 
13 28 
13 15 
14 20 
14 23 
14 25 
14 27 
14 15 
14 31 
15 18 
15 26 
15 30 
16 22 
16 25 
16 29 
17 21 
17 23 
17 24 
17 27 
17 30 
18 32 
18 21 
18 22 
18 24 
18 27 
18 28 
18 31 
19 21 
19 22 
19 26 
20 24 
20 26 
20 29 
21 24 
21 26 
21 31 
22 25 
22 27 
23 26 
23 29 
23 31 
24 32 
24 28 
27 32 
27 28 
27 30 
30 32 
