1 3 
1 4 
1 7 
1 8 
1 10 
1 12 
1 13 
1 14 
1 15 
1 16 
1 18 
1 20 
1 23 
2 16 
2 17 
2 3 
2 22 
2 23 
2 9 
2 10 
2 11 
2 14 
3 4 
3 5 
3 6 
3 7 
3 10 
3 12 
3 13 
3 15 
3 16 
3 19 
3 22 
4 17 
4 19 
4 20 
4 21 
4 7 
4 8 
4 10 
4 11 
4 14 
4 15 
5 19 
5 6 
5 8 
5 9 
5 10 
5 13 
5 15 
6 17 
6 19 
6 20 
6 21 
6 22 
6 11 
6 14 
7 16 
7 17 
7 20 
7 22 
7 23 
7 8 
7 10 
8 9 
8 10 
8 11 
8 13 
8 14 
8 15 
8 16 
8 17 
8 18 
8 19 
8 20 
8 21 
8 22 
9 18 
9 21 
9 23 
9 10 
9 13 
9 14 
10 12 
10 16 
10 18 
10 22 
10 23 
11 17 
11 18 
11 19 
11 20 
11 21 
11 22 
11 23 
11 14 
12 16 
12 19 
12 22 
12 23 
12 13 
13 16 
13 19 
13 22 
13 15 
14 16 
14 21 
14 23 
14 15 
15 16 
15 17 
15 20 
15 21 
16 17 
16 18 
16 19 
16 23 
17 18 
17 20 
17 21 
17 22 
18 19 
18 20 
18 21 
19 22 
20 21 
20 22 
20 23 
21 22 
22 23 
