1 21 
1 22 
1 23 
1 8 
1 11 
1 15 
2 19 
2 6 
2 25 
2 15 
3 16 
3 25 
3 10 
3 14 
4 16 
4 19 
4 26 
4 13 
5 17 
5 18 
5 6 
5 23 
5 24 
5 12 
6 21 
6 23 
6 9 
6 10 
6 11 
6 15 
7 20 
7 23 
7 8 
7 11 
8 16 
8 17 
8 19 
8 21 
8 22 
8 24 
8 12 
9 17 
9 18 
9 24 
9 25 
10 17 
10 22 
10 13 
11 12 
12 21 
12 25 
12 26 
12 14 
13 20 
13 22 
13 23 
13 14 
14 25 
14 15 
15 20 
15 22 
16 19 
16 22 
16 26 
17 22 
17 24 
17 25 
17 26 
18 21 
18 24 
19 22 
19 25 
21 22 
21 24 
21 25 
22 24 
22 25 
22 26 
23 24 
25 26 
