1 2 
2 3 
2 4 
2 5 
2 9 
2 12 
2 13 
2 14 
2 17 
2 21 
2 22 
2 23 
2 25 
2 28 
3 16 
3 7 
3 24 
3 9 
3 10 
3 27 
3 15 
4 19 
4 7 
4 8 
4 10 
4 27 
4 12 
4 28 
4 29 
4 13 
5 16 
5 17 
5 21 
5 22 
5 24 
5 27 
5 13 
6 17 
6 20 
6 21 
6 23 
6 7 
6 8 
6 25 
6 10 
6 27 
6 28 
6 14 
6 30 
7 18 
7 20 
7 8 
7 10 
7 26 
7 12 
7 13 
7 29 
7 15 
8 17 
8 18 
8 9 
8 25 
8 26 
8 28 
8 29 
8 15 
9 17 
9 25 
9 28 
9 15 
10 16 
10 19 
10 20 
10 21 
10 22 
10 24 
10 27 
10 12 
11 16 
11 20 
11 22 
11 29 
11 15 
12 21 
12 22 
12 29 
12 15 
13 16 
13 22 
13 24 
13 25 
13 28 
13 30 
13 14 
14 16 
14 18 
14 24 
14 25 
14 26 
14 30 
15 18 
15 19 
15 20 
15 21 
15 27 
16 18 
16 20 
16 23 
16 24 
16 26 
16 28 
16 30 
17 18 
17 20 
17 23 
17 24 
17 25 
17 26 
17 27 
17 29 
17 30 
18 19 
18 20 
18 21 
18 25 
18 30 
19 22 
19 24 
19 30 
20 22 
20 23 
20 26 
20 29 
21 22 
21 27 
21 28 
21 29 
21 30 
22 27 
22 28 
23 24 
23 25 
23 26 
23 30 
24 27 
24 28 
24 30 
25 29 
26 30 
27 30 
