1 2 
1 4 
1 5 
1 6 
1 8 
1 9 
1 10 
1 11 
1 12 
1 14 
1 15 
1 17 
1 18 
1 19 
1 20 
2 3 
2 4 
2 5 
2 6 
2 8 
2 9 
2 10 
2 11 
2 13 
2 14 
2 15 
2 16 
2 18 
2 19 
2 20 
3 18 
3 19 
3 20 
3 8 
3 9 
3 10 
3 11 
3 12 
3 13 
3 14 
4 5 
4 6 
4 7 
4 9 
4 10 
4 12 
4 14 
4 15 
4 16 
4 17 
4 19 
4 20 
5 6 
5 7 
5 8 
5 10 
5 11 
5 13 
5 14 
5 15 
5 16 
5 18 
5 19 
6 8 
6 9 
6 10 
6 13 
6 14 
6 16 
6 17 
6 18 
6 20 
7 17 
7 19 
7 8 
7 9 
7 11 
7 12 
7 13 
7 14 
7 15 
8 9 
8 10 
8 12 
8 16 
8 17 
8 18 
8 19 
8 20 
9 10 
9 14 
9 15 
9 16 
9 19 
9 20 
10 11 
10 12 
10 14 
10 15 
10 16 
10 17 
10 19 
11 12 
11 14 
11 15 
11 16 
11 17 
11 18 
11 19 
12 13 
12 14 
12 15 
12 17 
12 18 
12 19 
13 16 
13 17 
13 18 
14 16 
14 20 
15 16 
15 17 
15 19 
15 20 
16 18 
16 19 
17 18 
18 19 
18 20 
19 20 
