1 2 
1 4 
1 5 
1 6 
1 7 
1 8 
1 9 
1 11 
1 12 
1 13 
1 14 
1 16 
1 18 
1 21 
1 22 
1 23 
2 19 
2 4 
2 21 
2 9 
2 10 
2 11 
2 12 
2 13 
2 14 
2 15 
3 17 
3 18 
3 19 
3 4 
3 20 
3 5 
3 21 
3 8 
3 10 
3 11 
3 13 
4 6 
4 8 
4 9 
4 10 
4 11 
4 12 
4 13 
4 15 
4 16 
4 18 
4 23 
5 16 
5 18 
5 20 
5 22 
5 23 
5 7 
5 9 
5 14 
6 17 
6 19 
6 21 
6 22 
6 9 
6 10 
6 12 
6 14 
6 15 
7 17 
7 23 
7 11 
7 12 
7 13 
7 15 
8 18 
8 20 
8 21 
8 9 
8 14 
9 18 
9 21 
9 22 
9 23 
9 13 
9 15 
10 11 
10 12 
10 13 
10 15 
10 16 
10 17 
10 18 
10 20 
10 22 
11 14 
11 15 
11 16 
11 17 
11 18 
11 19 
11 23 
12 13 
12 14 
12 16 
12 17 
12 19 
12 21 
12 22 
12 23 
13 14 
13 16 
13 17 
13 19 
13 22 
14 16 
14 19 
14 20 
14 21 
14 22 
15 18 
15 20 
15 21 
15 22 
15 23 
16 17 
16 18 
16 19 
16 20 
17 19 
18 21 
19 21 
20 22 
22 23 
