1 18 
1 4 
1 22 
1 13 
2 16 
2 3 
2 6 
2 11 
2 12 
2 15 
3 5 
3 22 
3 7 
3 15 
4 16 
4 18 
4 19 
4 20 
4 5 
4 7 
4 9 
4 10 
4 11 
4 13 
5 16 
5 17 
5 18 
5 19 
5 20 
5 23 
5 8 
5 12 
5 15 
6 16 
6 19 
6 20 
6 22 
6 9 
6 10 
6 11 
6 13 
6 15 
7 16 
7 10 
7 15 
8 17 
8 19 
8 20 
8 23 
8 10 
8 14 
8 15 
9 17 
9 21 
9 23 
9 12 
9 13 
10 23 
10 11 
10 14 
10 15 
11 13 
12 16 
12 17 
12 18 
12 19 
12 23 
12 15 
13 16 
13 23 
14 17 
14 19 
14 22 
15 17 
15 19 
15 21 
16 20 
17 19 
17 22 
17 23 
18 20 
18 21 
18 23 
19 20 
19 22 
19 23 
20 21 
20 23 
21 22 
21 23 
