1 17 
1 19 
1 22 
2 16 
2 17 
2 21 
2 23 
3 16 
3 17 
3 4 
3 21 
3 5 
3 23 
3 10 
3 11 
3 12 
4 20 
4 6 
4 7 
4 26 
4 14 
4 15 
5 21 
5 9 
5 28 
5 29 
5 13 
6 19 
6 20 
6 9 
6 27 
6 13 
6 29 
7 9 
7 10 
7 26 
7 11 
7 27 
8 16 
8 18 
8 26 
8 28 
8 14 
9 19 
9 25 
9 27 
9 28 
9 13 
10 19 
10 23 
11 21 
11 26 
11 14 
11 15 
12 19 
12 21 
12 22 
12 26 
12 27 
12 28 
12 15 
13 16 
14 17 
14 22 
14 24 
14 28 
15 26 
16 21 
16 22 
17 18 
17 20 
17 25 
17 26 
17 27 
18 19 
18 24 
18 25 
18 28 
19 22 
19 23 
20 21 
20 24 
22 26 
22 27 
22 28 
22 29 
23 28 
24 28 
25 28 
26 28 
