1 2 
1 22 
1 13 
2 19 
2 5 
2 21 
2 6 
2 9 
2 26 
2 27 
2 12 
2 15 
3 17 
3 4 
3 20 
3 25 
3 10 
3 11 
3 29 
3 13 
3 14 
4 19 
4 22 
4 23 
4 7 
4 8 
4 25 
4 26 
4 11 
4 27 
4 12 
4 28 
5 7 
5 8 
5 24 
5 10 
5 15 
6 16 
6 17 
6 18 
6 20 
6 7 
6 8 
6 24 
6 9 
6 27 
6 14 
7 16 
7 8 
7 26 
7 28 
7 29 
8 16 
8 17 
8 22 
8 25 
8 11 
8 12 
8 28 
8 15 
9 18 
9 24 
9 11 
9 29 
9 14 
10 27 
10 11 
10 12 
10 28 
11 12 
11 16 
11 18 
11 19 
11 20 
11 21 
11 22 
11 24 
11 25 
11 26 
12 14 
12 17 
12 19 
12 21 
12 23 
12 24 
12 25 
12 27 
13 18 
13 23 
13 24 
13 29 
14 26 
14 28 
15 16 
15 17 
15 19 
15 20 
15 21 
15 22 
15 28 
16 18 
16 26 
16 27 
16 28 
16 29 
17 21 
17 22 
17 23 
17 25 
17 27 
17 29 
18 20 
18 21 
18 22 
18 23 
18 26 
18 27 
18 28 
19 20 
19 28 
19 29 
20 23 
20 25 
20 28 
21 23 
21 28 
22 23 
24 26 
24 29 
25 26 
