1 18 
1 5 
1 22 
1 6 
1 23 
1 8 
1 9 
1 15 
2 20 
2 5 
2 22 
2 9 
2 10 
3 18 
3 20 
3 22 
3 6 
3 8 
3 14 
4 18 
4 19 
4 6 
4 22 
4 7 
4 12 
4 14 
4 15 
5 16 
5 17 
5 18 
5 21 
5 8 
5 9 
5 13 
6 22 
6 10 
6 12 
6 13 
7 18 
7 8 
7 9 
7 10 
7 11 
7 15 
8 17 
8 18 
8 9 
8 10 
8 13 
8 14 
8 15 
9 11 
9 12 
9 13 
9 14 
9 16 
9 17 
9 22 
9 23 
10 16 
10 18 
10 21 
10 23 
10 14 
11 17 
11 21 
12 16 
12 18 
12 20 
12 21 
12 23 
12 13 
12 14 
13 16 
13 19 
13 21 
13 23 
14 17 
14 19 
14 20 
14 23 
15 16 
16 18 
16 19 
16 21 
16 23 
17 20 
20 21 
20 22 
20 23 
