1 17 
1 4 
1 21 
1 5 
1 27 
1 29 
2 18 
2 19 
2 4 
2 5 
2 8 
2 10 
2 27 
2 28 
2 13 
2 29 
2 15 
3 19 
3 6 
3 7 
3 23 
3 25 
3 28 
3 12 
3 29 
4 21 
4 26 
4 28 
4 14 
5 22 
5 6 
5 10 
5 11 
5 13 
6 22 
6 23 
6 24 
6 10 
7 17 
7 20 
7 21 
7 24 
7 26 
7 14 
7 15 
8 19 
8 20 
8 25 
8 9 
8 10 
8 14 
9 16 
9 18 
9 19 
9 29 
9 14 
9 15 
10 17 
10 18 
10 21 
10 25 
10 11 
10 14 
11 18 
11 20 
11 22 
11 25 
11 13 
12 21 
12 23 
12 14 
13 20 
13 22 
14 20 
14 23 
14 24 
14 26 
14 29 
15 16 
15 20 
15 25 
16 18 
16 24 
16 25 
16 29 
17 18 
17 19 
17 24 
17 29 
18 20 
18 23 
18 24 
18 26 
18 27 
18 29 
19 29 
20 25 
20 26 
20 28 
21 23 
22 23 
22 24 
22 25 
22 26 
23 27 
23 28 
23 29 
24 25 
25 26 
26 29 
