1 16 
1 2 
1 20 
1 5 
1 25 
1 9 
1 13 
2 20 
2 7 
2 9 
3 19 
3 22 
3 10 
3 28 
3 12 
4 18 
4 5 
4 22 
4 23 
4 9 
5 19 
5 22 
5 24 
5 27 
5 28 
5 13 
6 19 
6 20 
6 25 
6 29 
6 30 
6 15 
7 19 
7 9 
7 11 
7 30 
8 19 
8 21 
8 13 
8 15 
9 23 
9 12 
10 20 
10 28 
10 29 
11 19 
11 25 
11 26 
11 27 
11 28 
11 12 
11 13 
12 21 
12 13 
12 30 
13 17 
13 21 
13 22 
13 26 
13 27 
13 28 
14 26 
15 17 
15 19 
15 20 
15 28 
16 22 
16 24 
16 27 
16 29 
17 24 
17 27 
17 28 
18 23 
18 24 
18 27 
19 28 
20 28 
20 29 
21 27 
21 29 
22 26 
22 27 
22 29 
23 27 
24 26 
24 28 
24 30 
26 28 
27 28 
