1 2 
1 3 
1 4 
1 5 
1 6 
1 8 
1 9 
1 13 
1 14 
1 16 
1 18 
1 19 
1 20 
2 3 
2 4 
2 5 
2 6 
2 7 
2 8 
2 9 
2 10 
2 11 
2 12 
2 14 
2 15 
2 16 
2 19 
2 20 
3 17 
3 18 
3 19 
3 20 
3 4 
3 6 
3 13 
3 15 
4 5 
4 6 
4 7 
4 10 
4 11 
4 12 
4 14 
4 17 
4 18 
4 19 
4 20 
5 6 
5 10 
5 11 
5 12 
5 13 
5 14 
5 15 
5 16 
5 17 
5 18 
5 19 
6 11 
6 12 
6 13 
6 14 
6 15 
6 16 
6 18 
6 19 
6 20 
7 18 
7 19 
7 20 
7 8 
7 9 
7 11 
7 12 
8 16 
8 17 
8 20 
8 9 
8 11 
8 13 
8 15 
9 17 
9 13 
9 14 
9 15 
10 16 
10 17 
10 19 
10 20 
10 11 
10 14 
11 12 
11 14 
11 15 
11 17 
11 19 
11 20 
12 18 
12 19 
12 14 
12 15 
13 16 
13 17 
13 20 
13 14 
14 17 
14 18 
14 20 
15 16 
15 17 
15 19 
16 17 
16 18 
16 19 
16 20 
17 19 
17 20 
18 19 
18 20 
19 20 
