1 18 
1 2 
1 23 
1 9 
1 11 
1 12 
1 13 
1 14 
1 15 
2 18 
2 4 
2 21 
2 22 
2 25 
2 26 
2 29 
2 14 
3 16 
3 20 
3 5 
3 6 
3 27 
3 13 
3 30 
3 31 
4 32 
4 21 
4 23 
4 8 
4 25 
4 10 
4 11 
5 16 
5 18 
5 19 
5 20 
5 25 
5 10 
5 12 
5 13 
5 31 
6 17 
6 7 
6 25 
6 26 
6 28 
6 12 
6 29 
7 17 
7 11 
7 29 
8 16 
8 17 
8 18 
8 20 
8 24 
8 12 
8 15 
9 19 
9 21 
9 24 
9 25 
9 13 
9 15 
9 31 
10 19 
10 22 
10 12 
10 28 
10 29 
11 18 
11 14 
11 15 
12 32 
12 27 
13 19 
13 21 
13 30 
14 18 
14 20 
14 21 
14 22 
14 23 
14 25 
15 21 
15 22 
15 24 
15 26 
15 30 
15 31 
16 22 
16 24 
16 30 
17 20 
17 22 
17 23 
17 25 
17 30 
18 32 
18 21 
18 26 
19 21 
19 25 
19 26 
19 27 
20 24 
20 25 
21 32 
21 22 
21 23 
21 29 
21 31 
22 32 
22 27 
23 32 
23 24 
23 26 
23 31 
24 26 
24 27 
24 29 
24 31 
25 26 
25 30 
26 30 
27 32 
28 32 
29 31 
30 32 
30 31 
