1 32 
1 17 
1 2 
1 3 
1 4 
1 6 
1 23 
1 8 
1 14 
1 30 
2 18 
2 3 
2 19 
2 4 
2 5 
2 24 
2 26 
2 29 
2 31 
3 4 
3 21 
3 6 
3 7 
3 24 
3 28 
3 14 
3 31 
4 17 
4 20 
4 5 
4 21 
4 8 
4 27 
4 28 
5 17 
5 19 
5 21 
5 22 
5 7 
5 26 
5 11 
5 15 
6 21 
7 16 
7 22 
7 26 
7 10 
7 29 
7 13 
7 14 
7 15 
8 17 
8 22 
8 23 
8 11 
8 14 
9 16 
9 20 
9 21 
9 26 
9 13 
9 14 
9 30 
9 31 
10 17 
10 22 
10 25 
10 28 
10 30 
11 19 
11 21 
11 24 
11 25 
11 26 
11 13 
11 30 
12 16 
12 20 
12 22 
12 27 
12 29 
13 16 
13 17 
13 20 
13 22 
13 31 
14 16 
14 24 
14 26 
15 16 
15 32 
15 18 
15 21 
15 27 
15 28 
15 29 
16 20 
16 28 
16 29 
17 32 
17 19 
17 21 
17 30 
18 20 
18 30 
19 32 
19 21 
19 23 
19 28 
19 31 
20 22 
20 24 
20 30 
21 22 
21 25 
21 28 
22 24 
22 25 
22 28 
23 32 
23 26 
24 26 
24 27 
24 30 
25 32 
26 27 
26 29 
27 31 
29 30 
30 31 
