1 32 
1 17 
1 18 
1 3 
1 23 
1 8 
1 25 
1 27 
1 28 
2 19 
2 5 
2 22 
2 23 
2 24 
2 10 
2 28 
2 31 
3 32 
3 34 
3 21 
4 33 
4 35 
4 10 
4 12 
5 6 
5 25 
5 14 
6 32 
6 17 
6 18 
6 23 
6 10 
6 29 
7 22 
7 24 
7 28 
8 18 
8 30 
9 16 
9 18 
9 35 
9 24 
9 13 
9 14 
10 34 
10 28 
11 16 
11 27 
12 24 
12 25 
12 31 
13 19 
13 27 
13 30 
14 32 
14 33 
15 33 
15 26 
15 31 
16 24 
16 30 
17 35 
17 21 
17 24 
17 27 
18 33 
18 26 
18 30 
19 25 
19 28 
20 34 
20 24 
20 25 
21 35 
22 23 
22 29 
23 33 
23 34 
23 35 
23 26 
23 31 
25 34 
27 34 
27 28 
27 29 
27 31 
28 32 
28 35 
33 34 
34 35 
