1 17 
1 18 
1 3 
1 20 
1 22 
1 7 
1 8 
1 25 
1 9 
1 10 
1 15 
2 18 
2 5 
2 7 
2 25 
2 10 
2 12 
2 14 
2 15 
3 5 
3 7 
3 8 
3 9 
3 10 
3 11 
3 12 
3 13 
3 15 
3 16 
3 19 
3 21 
3 22 
3 23 
3 24 
4 17 
4 18 
4 20 
4 6 
4 23 
4 7 
4 15 
5 17 
5 19 
5 8 
5 25 
5 14 
6 20 
6 22 
6 7 
6 23 
6 24 
6 9 
6 10 
6 11 
6 14 
7 22 
7 8 
7 12 
7 15 
8 9 
8 13 
8 14 
8 17 
8 20 
8 21 
8 22 
8 23 
8 25 
9 12 
9 13 
9 14 
9 15 
9 16 
9 19 
9 21 
9 23 
9 25 
10 17 
10 21 
10 22 
10 24 
10 13 
10 15 
11 17 
11 18 
11 21 
11 22 
11 23 
11 25 
11 12 
11 13 
11 14 
11 15 
12 16 
12 20 
12 21 
12 15 
13 17 
13 19 
13 21 
13 25 
13 14 
13 15 
14 17 
14 20 
14 24 
14 25 
14 15 
15 17 
15 20 
15 21 
15 25 
16 22 
16 23 
16 24 
16 25 
17 25 
18 20 
18 22 
18 24 
19 20 
20 21 
20 22 
20 23 
21 22 
21 25 
22 24 
22 25 
23 25 
24 25 
