1 21 
1 9 
1 11 
1 15 
2 3 
2 19 
2 5 
2 9 
2 10 
2 14 
3 16 
3 17 
3 20 
3 23 
3 8 
3 12 
3 13 
3 14 
4 5 
4 22 
4 23 
4 8 
4 15 
5 18 
5 19 
5 21 
5 6 
5 12 
5 14 
6 17 
6 18 
6 19 
6 20 
6 9 
6 11 
6 13 
7 18 
7 20 
7 21 
7 22 
8 16 
8 17 
8 18 
8 19 
8 20 
8 22 
8 9 
8 11 
8 15 
9 17 
9 18 
9 12 
9 13 
10 16 
10 22 
10 23 
10 12 
10 13 
11 16 
11 17 
11 18 
11 19 
11 23 
11 12 
12 16 
12 15 
13 16 
13 17 
13 20 
13 21 
13 22 
13 23 
14 16 
14 17 
14 20 
15 16 
15 18 
15 19 
15 21 
16 17 
16 18 
16 19 
16 20 
16 22 
17 19 
17 23 
18 20 
18 22 
18 23 
22 23 
