1 18 
1 2 
1 19 
1 3 
1 4 
1 11 
1 14 
1 15 
2 16 
2 17 
2 19 
2 3 
2 20 
2 5 
2 9 
2 10 
2 11 
2 12 
3 17 
3 4 
3 20 
3 7 
3 9 
3 12 
3 13 
4 6 
4 7 
4 8 
4 9 
4 11 
4 13 
4 15 
4 16 
4 17 
4 18 
4 20 
5 16 
5 17 
5 18 
5 6 
5 8 
5 11 
6 16 
6 18 
6 20 
6 9 
6 10 
6 12 
6 13 
7 16 
7 17 
7 18 
7 19 
7 9 
7 10 
8 16 
8 17 
8 18 
8 20 
8 12 
8 13 
8 14 
9 16 
9 17 
9 18 
9 13 
9 15 
10 18 
10 11 
10 14 
11 16 
11 17 
11 18 
11 12 
11 14 
12 20 
12 13 
12 15 
14 17 
14 20 
14 15 
15 18 
15 20 
16 18 
16 19 
16 20 
17 18 
17 19 
17 20 
19 20 
