1 32 
1 6 
1 7 
1 8 
1 14 
1 16 
1 18 
1 19 
1 22 
1 23 
1 25 
1 28 
1 29 
1 30 
1 31 
2 18 
2 3 
2 4 
2 5 
2 22 
2 9 
2 30 
3 16 
3 11 
3 12 
3 13 
4 17 
4 20 
4 5 
4 7 
4 25 
4 10 
4 26 
4 29 
4 15 
5 32 
5 18 
5 6 
5 27 
5 13 
5 30 
6 32 
6 16 
6 17 
6 18 
6 20 
6 8 
6 11 
7 10 
7 12 
7 17 
7 19 
7 20 
7 22 
7 24 
7 25 
7 26 
7 27 
7 30 
8 16 
8 22 
8 25 
8 14 
8 15 
9 16 
9 19 
9 30 
10 32 
10 18 
10 26 
10 11 
10 27 
10 28 
11 19 
11 26 
11 27 
11 28 
11 29 
11 31 
12 32 
12 16 
12 19 
12 28 
12 14 
12 15 
13 18 
13 19 
13 21 
13 23 
13 24 
13 25 
13 27 
13 29 
13 30 
14 16 
14 24 
14 26 
14 27 
14 29 
15 32 
15 17 
15 21 
15 22 
15 29 
15 30 
16 32 
16 17 
16 21 
16 23 
16 24 
17 18 
17 22 
17 23 
17 29 
17 30 
18 21 
18 23 
18 27 
18 29 
18 30 
18 31 
19 27 
19 28 
20 32 
20 21 
20 23 
20 26 
20 27 
20 29 
20 31 
21 22 
21 24 
21 25 
21 26 
22 24 
22 28 
23 32 
23 25 
23 28 
23 29 
23 30 
23 31 
24 28 
25 28 
25 29 
27 28 
27 30 
28 32 
28 29 
28 31 
