1 3 
1 25 
1 12 
1 31 
2 35 
2 19 
2 4 
2 22 
2 26 
2 28 
2 30 
3 19 
3 21 
3 24 
3 9 
3 10 
3 13 
3 29 
3 14 
4 33 
4 34 
4 18 
4 5 
4 21 
4 7 
4 8 
4 24 
4 14 
5 32 
5 33 
5 34 
5 18 
5 6 
5 23 
5 8 
5 10 
5 12 
5 31 
6 16 
6 19 
6 20 
6 24 
6 26 
6 27 
6 28 
7 16 
7 33 
7 18 
7 19 
7 35 
7 20 
7 8 
7 9 
8 17 
8 22 
8 9 
8 28 
8 13 
8 15 
9 25 
9 29 
10 16 
10 11 
10 28 
10 13 
10 30 
11 16 
11 32 
11 35 
11 21 
12 16 
12 33 
12 19 
12 35 
12 20 
12 21 
12 22 
12 31 
13 33 
13 18 
13 35 
13 20 
13 15 
14 16 
14 24 
14 25 
14 30 
14 15 
15 16 
15 18 
15 27 
15 28 
15 29 
15 30 
15 31 
16 32 
16 35 
16 20 
16 27 
16 29 
17 33 
17 35 
17 21 
18 34 
18 19 
18 24 
18 27 
18 29 
19 35 
19 21 
19 24 
19 26 
19 28 
19 30 
20 32 
20 34 
20 21 
20 24 
20 28 
20 29 
21 23 
21 24 
21 26 
21 27 
21 28 
22 28 
22 30 
23 35 
23 27 
23 29 
24 35 
24 25 
24 31 
25 32 
25 35 
25 27 
25 29 
25 31 
26 33 
26 31 
27 29 
29 32 
29 33 
29 34 
29 31 
31 32 
31 33 
31 34 
33 34 
34 35 
