1 34 
1 19 
1 3 
1 21 
1 23 
1 9 
1 26 
1 27 
1 13 
1 31 
2 35 
2 4 
2 5 
2 7 
2 24 
2 12 
2 28 
2 30 
3 4 
3 5 
3 9 
3 11 
4 6 
4 9 
4 27 
4 13 
4 14 
5 32 
5 16 
5 7 
5 13 
5 15 
6 32 
6 16 
6 11 
6 13 
6 30 
6 31 
7 22 
7 25 
7 10 
7 26 
7 11 
8 18 
8 21 
8 26 
8 29 
8 14 
9 26 
9 28 
9 15 
9 31 
10 32 
10 22 
10 29 
11 33 
11 27 
11 12 
12 17 
12 35 
12 25 
12 13 
12 29 
12 14 
12 30 
12 15 
13 17 
13 20 
13 22 
13 25 
14 17 
14 18 
14 34 
14 35 
14 28 
14 15 
16 32 
16 33 
16 35 
16 25 
16 27 
17 18 
19 20 
19 25 
19 30 
20 32 
20 34 
20 28 
20 31 
21 33 
21 25 
21 31 
23 35 
23 25 
23 29 
23 31 
24 30 
25 28 
25 31 
26 33 
26 30 
27 32 
27 31 
28 35 
29 34 
29 30 
30 31 
32 35 
33 35 
34 35 
