1 17 
1 5 
1 23 
1 7 
1 11 
2 3 
2 20 
2 6 
2 23 
2 24 
2 25 
2 10 
3 16 
3 18 
3 19 
3 20 
3 6 
3 7 
3 23 
3 9 
3 14 
4 21 
4 25 
4 12 
4 14 
5 17 
5 18 
5 19 
5 6 
5 7 
5 25 
5 10 
5 13 
5 15 
6 19 
6 21 
6 8 
6 25 
6 9 
6 10 
6 12 
7 18 
7 21 
7 8 
7 24 
7 25 
7 11 
7 12 
7 15 
8 20 
8 21 
8 23 
8 25 
8 12 
8 13 
8 14 
9 17 
9 19 
9 20 
9 21 
9 23 
9 13 
10 17 
10 19 
10 20 
10 21 
10 23 
10 24 
10 14 
11 16 
11 18 
11 20 
11 23 
11 25 
11 13 
11 14 
12 17 
12 20 
12 24 
12 15 
13 19 
13 21 
13 22 
13 23 
13 24 
13 25 
13 14 
14 17 
14 22 
14 23 
14 25 
15 16 
15 17 
15 23 
15 25 
16 19 
17 18 
17 19 
17 20 
17 23 
17 24 
18 19 
18 23 
19 20 
19 22 
20 23 
21 22 
21 24 
22 25 
23 24 
