1 17 
1 19 
1 4 
1 20 
1 5 
1 28 
1 29 
2 16 
2 18 
2 20 
2 25 
2 15 
3 18 
3 21 
3 9 
3 26 
3 11 
3 28 
3 15 
4 17 
4 23 
4 14 
5 21 
5 22 
5 7 
5 12 
5 14 
6 23 
6 24 
6 25 
6 28 
6 13 
7 20 
7 23 
7 26 
7 10 
8 16 
8 17 
8 21 
8 9 
8 26 
8 11 
9 17 
9 19 
9 22 
9 26 
10 17 
10 23 
10 25 
10 27 
10 12 
10 28 
10 13 
10 14 
11 17 
11 19 
11 20 
11 24 
11 27 
11 13 
12 18 
12 23 
12 29 
13 18 
14 22 
15 17 
15 18 
15 20 
15 22 
15 23 
15 27 
16 19 
16 20 
16 23 
16 26 
16 27 
16 28 
17 19 
17 22 
17 28 
18 23 
18 24 
18 26 
19 25 
19 26 
21 25 
21 28 
21 29 
22 29 
26 28 
