1 18 
1 19 
1 4 
1 23 
1 9 
1 15 
2 16 
2 18 
2 4 
2 5 
2 22 
2 23 
2 8 
2 10 
2 12 
3 17 
3 18 
3 19 
3 22 
3 23 
3 7 
4 16 
4 20 
4 21 
4 5 
4 6 
4 8 
4 9 
5 18 
5 19 
5 22 
5 8 
5 11 
5 12 
6 18 
6 7 
6 9 
6 10 
6 13 
7 8 
7 9 
7 11 
7 12 
7 14 
7 15 
8 17 
8 19 
8 20 
8 23 
8 11 
8 12 
8 13 
9 16 
9 17 
9 18 
9 20 
9 21 
9 11 
9 14 
10 18 
10 19 
10 22 
10 23 
11 17 
11 20 
11 23 
11 14 
12 16 
12 18 
12 14 
12 15 
13 16 
13 17 
13 19 
13 14 
14 17 
14 21 
15 16 
15 20 
16 17 
17 18 
17 19 
17 21 
17 22 
17 23 
18 21 
18 23 
19 20 
20 21 
20 22 
