1 32 
1 2 
1 35 
1 25 
1 10 
1 11 
1 28 
1 15 
2 32 
2 17 
2 34 
2 19 
2 5 
2 22 
2 6 
2 13 
3 19 
3 21 
3 8 
3 25 
3 26 
3 30 
3 31 
4 35 
4 19 
4 27 
4 29 
4 13 
5 17 
5 18 
5 21 
5 23 
5 9 
5 29 
5 13 
5 31 
6 34 
6 35 
6 20 
6 7 
6 8 
6 24 
6 26 
6 12 
6 14 
7 20 
7 21 
7 26 
7 11 
7 12 
8 17 
8 33 
8 34 
8 22 
8 10 
8 12 
9 33 
9 17 
9 18 
9 35 
9 21 
9 23 
9 10 
9 12 
10 32 
10 19 
10 21 
10 22 
10 23 
10 11 
10 30 
10 15 
11 35 
11 19 
11 21 
11 12 
11 29 
12 31 
13 18 
13 23 
13 26 
13 27 
13 31 
14 32 
14 33 
14 17 
14 30 
14 31 
15 35 
15 20 
15 27 
15 30 
16 35 
16 26 
17 23 
17 31 
18 33 
18 21 
18 24 
18 31 
19 32 
19 34 
19 35 
19 20 
19 22 
19 24 
19 30 
20 32 
20 26 
20 28 
21 26 
22 35 
22 31 
23 34 
24 27 
24 30 
25 32 
25 29 
26 32 
26 34 
26 27 
26 29 
27 29 
28 35 
28 29 
29 30 
30 34 
30 35 
33 34 
33 35 
