1 17 
1 2 
1 18 
1 20 
1 4 
1 23 
1 25 
2 32 
2 3 
2 8 
2 25 
2 10 
2 13 
3 16 
3 18 
3 11 
3 14 
3 15 
4 5 
4 9 
4 26 
4 27 
4 11 
4 14 
4 30 
4 31 
5 16 
5 21 
5 22 
5 14 
5 15 
6 21 
6 22 
6 7 
6 27 
6 30 
7 25 
7 14 
8 13 
9 27 
9 29 
9 30 
9 31 
10 21 
10 23 
10 24 
10 25 
10 27 
10 11 
10 30 
10 31 
11 16 
11 25 
11 31 
12 16 
12 32 
12 29 
12 30 
13 32 
13 25 
13 26 
13 29 
14 17 
14 19 
14 20 
14 23 
15 16 
15 26 
15 27 
16 18 
16 19 
16 21 
16 22 
16 23 
16 24 
16 26 
16 28 
16 29 
16 31 
17 32 
17 21 
17 31 
18 20 
18 21 
18 22 
18 26 
19 23 
19 24 
19 25 
20 21 
20 23 
20 29 
20 30 
21 23 
21 25 
21 28 
21 30 
22 23 
22 24 
22 26 
22 27 
22 30 
23 26 
23 29 
25 30 
25 31 
26 29 
28 32 
28 30 
29 31 
