1 32 
1 2 
1 20 
1 22 
1 10 
1 26 
1 27 
2 18 
2 26 
2 12 
2 13 
2 30 
3 16 
3 32 
3 17 
3 19 
3 21 
3 25 
3 10 
3 29 
3 15 
4 16 
4 32 
4 6 
4 22 
4 24 
4 11 
4 12 
4 29 
5 16 
5 32 
5 24 
5 9 
5 29 
6 21 
6 23 
6 25 
6 26 
6 11 
7 17 
7 24 
7 9 
8 25 
8 14 
9 17 
9 21 
9 22 
9 25 
9 11 
9 27 
9 29 
9 15 
10 16 
10 14 
11 23 
11 24 
11 28 
12 16 
12 18 
12 20 
12 25 
12 27 
12 31 
13 19 
13 22 
13 29 
13 14 
13 30 
14 16 
14 17 
14 18 
14 19 
14 20 
14 22 
14 23 
14 15 
15 16 
15 19 
15 22 
16 20 
16 23 
16 26 
17 32 
17 18 
17 22 
17 26 
18 32 
18 22 
20 21 
20 28 
20 30 
21 22 
21 26 
22 23 
22 25 
22 26 
22 28 
22 30 
23 25 
23 26 
23 27 
23 31 
24 25 
24 30 
25 32 
25 28 
26 31 
27 28 
28 31 
29 31 
