1 17 
1 19 
1 3 
1 5 
1 7 
1 24 
1 13 
2 3 
2 7 
2 8 
2 9 
2 17 
2 18 
2 19 
2 20 
2 21 
2 22 
2 23 
2 25 
2 26 
3 5 
3 6 
3 8 
3 9 
3 12 
3 14 
3 18 
3 20 
3 21 
3 24 
3 26 
4 16 
4 18 
4 5 
4 21 
4 23 
4 7 
4 10 
4 13 
4 15 
5 16 
5 7 
5 24 
5 11 
6 18 
6 8 
6 24 
6 26 
6 12 
6 15 
7 24 
7 11 
7 13 
7 14 
7 15 
8 22 
8 23 
8 10 
8 12 
8 15 
9 16 
9 18 
9 20 
9 25 
9 10 
9 26 
9 12 
9 14 
9 15 
10 16 
10 17 
10 20 
10 23 
10 24 
10 13 
11 24 
11 25 
11 26 
11 12 
11 14 
12 15 
12 16 
12 17 
12 19 
12 22 
12 24 
12 25 
12 26 
13 18 
13 20 
13 23 
13 26 
14 20 
14 22 
14 24 
14 25 
15 16 
15 17 
15 18 
15 19 
15 22 
15 25 
16 18 
16 19 
16 22 
16 25 
17 22 
17 24 
17 26 
18 22 
18 24 
18 26 
19 24 
19 25 
20 21 
20 26 
22 24 
22 25 
22 26 
25 26 
