1 20 
1 5 
1 6 
1 23 
1 26 
1 12 
1 13 
1 14 
2 17 
2 4 
2 22 
2 6 
2 24 
2 26 
2 14 
3 19 
3 25 
3 9 
3 12 
4 16 
4 18 
4 20 
4 7 
4 9 
4 12 
4 13 
4 15 
5 21 
5 8 
5 13 
5 14 
6 22 
6 8 
6 11 
6 14 
7 16 
7 18 
7 19 
7 23 
7 9 
7 10 
7 13 
8 20 
8 21 
8 24 
8 15 
9 23 
9 24 
9 14 
10 17 
10 21 
10 24 
10 13 
11 17 
11 18 
11 19 
11 21 
11 23 
11 24 
11 26 
12 19 
12 25 
12 26 
13 16 
13 17 
13 19 
13 21 
13 22 
13 25 
14 17 
14 18 
14 19 
14 20 
14 22 
14 26 
15 19 
15 20 
15 22 
15 24 
15 26 
16 19 
16 21 
16 26 
17 18 
17 21 
17 24 
18 25 
19 24 
20 26 
24 25 
