1 17 
1 18 
1 19 
1 3 
1 4 
1 5 
1 21 
1 22 
1 11 
1 13 
1 14 
1 15 
2 17 
2 19 
2 20 
2 5 
2 21 
2 6 
2 7 
2 10 
2 13 
2 14 
3 17 
3 19 
3 20 
3 21 
3 22 
3 23 
3 9 
3 14 
3 15 
4 16 
4 18 
4 22 
4 7 
4 9 
5 19 
5 20 
5 21 
5 23 
5 8 
5 9 
5 10 
6 18 
6 21 
6 22 
6 23 
6 8 
6 10 
6 11 
6 14 
6 15 
7 16 
7 20 
7 23 
7 9 
7 10 
7 14 
8 16 
8 18 
8 22 
8 23 
8 9 
8 12 
9 19 
9 22 
9 10 
9 12 
9 13 
10 20 
10 21 
10 22 
10 13 
10 14 
11 18 
11 19 
11 23 
11 13 
11 15 
12 17 
12 20 
12 21 
12 15 
13 18 
13 22 
13 23 
14 17 
14 19 
14 23 
15 18 
15 21 
15 22 
15 23 
16 18 
16 21 
16 22 
17 20 
17 22 
18 21 
19 20 
