1 16 
1 2 
1 5 
1 7 
1 10 
1 27 
1 14 
2 3 
2 20 
2 6 
2 7 
2 24 
2 25 
2 10 
2 27 
2 12 
2 15 
3 19 
3 22 
3 8 
3 9 
3 30 
3 15 
4 18 
4 20 
4 6 
4 7 
4 9 
4 28 
5 16 
5 17 
5 21 
5 7 
5 11 
5 29 
5 13 
5 15 
6 22 
6 28 
6 14 
6 30 
7 18 
7 23 
7 26 
7 29 
7 14 
7 15 
8 21 
8 24 
8 9 
9 21 
9 24 
9 26 
9 10 
9 11 
9 30 
10 21 
11 19 
11 20 
11 21 
11 22 
11 26 
11 12 
11 28 
11 13 
11 14 
12 19 
12 20 
12 23 
12 25 
12 27 
12 14 
13 16 
13 17 
13 19 
13 15 
14 18 
14 21 
14 27 
14 30 
14 15 
15 23 
16 20 
16 24 
16 27 
16 30 
17 19 
17 24 
17 29 
18 19 
18 27 
19 24 
19 25 
19 26 
20 24 
20 26 
21 22 
21 23 
21 27 
21 29 
22 30 
23 27 
23 28 
23 29 
23 30 
24 30 
25 27 
26 30 
27 29 
27 30 
