1 17 
1 2 
1 5 
1 22 
1 26 
1 27 
1 11 
1 30 
1 31 
1 15 
2 8 
2 15 
3 19 
3 4 
3 6 
3 23 
3 24 
3 10 
3 14 
4 17 
4 18 
4 5 
4 27 
4 12 
5 21 
5 23 
5 25 
5 12 
6 32 
6 18 
6 20 
6 23 
6 9 
6 10 
6 11 
6 13 
6 31 
7 16 
7 17 
7 8 
7 10 
7 30 
7 31 
7 15 
8 16 
8 19 
8 20 
8 25 
8 10 
8 27 
8 12 
8 30 
9 32 
9 17 
9 19 
9 20 
9 23 
9 26 
9 12 
9 13 
9 30 
10 12 
10 14 
10 15 
10 17 
10 18 
10 19 
10 23 
10 29 
10 31 
11 27 
11 28 
12 16 
12 21 
12 22 
12 26 
12 27 
12 28 
13 16 
13 32 
13 17 
13 21 
13 25 
13 27 
13 30 
14 18 
14 21 
14 22 
14 25 
14 26 
14 28 
14 30 
15 19 
15 22 
15 23 
15 26 
15 28 
16 20 
16 21 
16 27 
16 29 
16 31 
17 20 
17 25 
17 28 
18 26 
18 27 
18 30 
19 21 
19 22 
19 26 
19 27 
19 30 
21 22 
21 23 
21 25 
21 29 
21 31 
22 28 
22 30 
23 25 
23 30 
24 25 
25 31 
26 27 
27 31 
28 32 
29 31 
30 31 
31 32 
