1 18 
1 2 
1 3 
1 19 
1 20 
1 5 
1 6 
1 9 
1 10 
1 11 
1 14 
2 16 
2 17 
2 18 
2 3 
2 4 
2 7 
2 9 
2 11 
2 12 
2 13 
3 18 
3 19 
3 4 
3 5 
3 7 
3 12 
3 14 
3 15 
4 17 
4 18 
4 19 
4 5 
4 6 
4 7 
4 8 
4 10 
4 11 
5 16 
5 19 
5 8 
5 10 
5 11 
5 12 
5 13 
5 14 
5 15 
6 16 
6 17 
6 18 
6 8 
6 9 
6 10 
6 13 
7 17 
7 20 
7 8 
7 11 
7 12 
7 13 
8 16 
8 18 
8 19 
8 20 
8 10 
8 14 
9 16 
9 17 
9 18 
9 19 
9 20 
9 10 
9 11 
9 12 
10 16 
10 17 
10 13 
10 14 
10 15 
11 16 
11 17 
11 13 
11 14 
12 15 
13 16 
13 18 
13 20 
13 14 
14 16 
14 18 
14 20 
14 15 
15 16 
15 18 
15 19 
15 20 
16 18 
17 19 
18 20 
19 20 
