1 2 
1 3 
1 6 
1 7 
1 9 
1 12 
1 13 
1 14 
1 15 
1 16 
1 18 
1 20 
1 25 
2 17 
2 19 
2 7 
2 8 
2 9 
2 12 
2 13 
2 15 
3 16 
3 19 
3 20 
3 4 
3 21 
3 22 
3 7 
3 24 
3 9 
3 10 
3 11 
4 20 
4 21 
4 5 
4 22 
4 7 
4 25 
4 11 
5 19 
5 21 
5 22 
5 24 
5 9 
5 10 
5 11 
5 12 
5 15 
6 16 
6 20 
6 21 
6 22 
6 24 
6 25 
6 11 
6 13 
7 19 
7 21 
7 22 
7 25 
7 11 
8 9 
8 10 
8 12 
8 15 
8 16 
8 17 
8 18 
8 20 
8 21 
8 22 
8 23 
8 24 
8 25 
9 20 
9 22 
9 24 
9 10 
9 13 
9 14 
10 16 
10 20 
10 11 
11 17 
11 21 
11 22 
11 25 
11 15 
12 16 
12 18 
12 19 
12 21 
12 24 
12 15 
13 17 
13 19 
13 22 
13 23 
13 24 
13 14 
14 16 
14 17 
14 19 
14 21 
14 23 
14 15 
15 16 
15 19 
15 22 
15 24 
15 25 
16 19 
16 22 
16 23 
17 19 
17 23 
17 25 
18 20 
18 21 
18 24 
19 20 
19 21 
19 25 
20 24 
20 25 
21 22 
21 23 
22 23 
22 24 
24 25 
