1 2 
1 8 
1 13 
2 18 
2 25 
2 9 
2 27 
2 13 
2 14 
3 16 
3 5 
3 10 
4 23 
4 9 
4 10 
4 27 
4 12 
4 29 
4 13 
5 21 
5 22 
5 23 
5 10 
5 28 
5 13 
5 15 
6 16 
6 32 
6 17 
6 18 
6 22 
6 8 
6 10 
6 11 
6 28 
7 17 
7 21 
7 22 
7 23 
7 25 
7 30 
7 15 
8 17 
8 9 
8 15 
9 18 
9 31 
10 22 
10 11 
10 28 
10 14 
11 20 
11 24 
11 28 
12 23 
12 27 
12 28 
12 31 
13 16 
13 26 
13 28 
13 14 
13 15 
14 22 
14 24 
15 19 
15 21 
15 29 
16 20 
16 25 
16 29 
16 30 
17 27 
17 29 
17 30 
18 21 
18 25 
19 21 
19 24 
19 25 
19 27 
20 32 
20 21 
20 24 
20 25 
20 26 
20 28 
21 25 
21 26 
21 29 
22 28 
24 31 
25 28 
25 29 
25 30 
26 32 
26 29 
26 31 
28 30 
30 32 
