1 17 
1 18 
1 2 
1 4 
1 20 
1 7 
1 23 
1 8 
1 26 
1 27 
1 13 
2 3 
2 27 
2 12 
2 29 
2 13 
2 15 
3 16 
3 17 
3 5 
3 7 
3 23 
3 25 
3 26 
3 12 
3 28 
3 13 
3 15 
4 20 
4 5 
4 22 
4 7 
4 11 
4 12 
4 29 
5 7 
5 8 
5 10 
5 11 
5 13 
5 14 
5 20 
5 21 
5 22 
5 23 
5 25 
5 26 
6 18 
6 19 
6 21 
6 22 
6 23 
6 25 
6 9 
6 10 
6 12 
6 29 
7 18 
7 19 
7 22 
7 13 
7 29 
8 25 
8 9 
8 10 
8 26 
8 12 
8 13 
8 15 
9 16 
9 18 
9 21 
9 26 
9 27 
9 11 
9 28 
9 29 
9 13 
9 14 
10 16 
10 23 
10 13 
11 21 
11 24 
11 26 
11 28 
11 14 
11 15 
12 16 
12 18 
12 21 
12 22 
12 25 
12 15 
13 17 
13 19 
13 21 
13 23 
14 21 
14 22 
14 25 
14 26 
14 27 
14 15 
15 16 
15 18 
15 20 
15 22 
15 23 
15 29 
16 23 
16 25 
16 27 
16 28 
17 19 
17 20 
17 27 
17 29 
18 19 
18 25 
18 27 
19 20 
19 23 
19 26 
19 27 
19 28 
19 29 
20 25 
20 29 
21 24 
21 27 
21 28 
21 29 
22 23 
22 26 
23 26 
24 27 
25 27 
26 27 
26 29 
