1 2 
1 5 
1 6 
1 9 
1 11 
1 13 
1 14 
1 17 
1 20 
1 23 
1 24 
1 27 
1 29 
2 18 
2 20 
2 5 
2 8 
2 24 
2 26 
2 10 
2 11 
3 16 
3 17 
3 18 
3 20 
3 22 
3 26 
3 28 
3 15 
4 18 
4 19 
4 20 
4 7 
4 23 
4 24 
4 25 
4 10 
4 27 
4 15 
5 16 
5 17 
5 21 
5 9 
5 12 
5 13 
5 29 
6 22 
6 8 
6 10 
6 28 
6 12 
6 13 
6 14 
7 16 
7 18 
7 24 
7 9 
7 29 
7 13 
7 14 
7 15 
8 17 
8 23 
8 9 
9 26 
9 10 
9 27 
9 29 
10 12 
10 13 
10 14 
10 16 
10 19 
10 21 
10 22 
10 25 
10 27 
11 19 
11 21 
11 22 
11 25 
12 18 
12 25 
12 26 
12 29 
12 15 
13 19 
13 21 
13 25 
13 26 
13 27 
14 16 
14 19 
14 25 
14 27 
14 29 
14 15 
15 16 
15 19 
15 21 
15 25 
16 17 
16 18 
16 19 
16 23 
16 28 
17 18 
17 24 
17 26 
18 20 
18 21 
18 23 
18 26 
18 29 
19 20 
19 25 
19 27 
19 29 
20 21 
20 23 
20 26 
20 27 
21 22 
21 24 
21 25 
21 27 
21 28 
22 24 
22 29 
23 24 
23 27 
23 28 
24 27 
25 26 
25 27 
25 28 
25 29 
26 27 
26 29 
27 28 
