1 18 
1 3 
1 22 
1 6 
1 10 
1 12 
1 29 
2 5 
2 21 
2 6 
2 23 
2 8 
2 13 
3 16 
3 32 
3 22 
3 8 
3 26 
3 27 
4 17 
4 20 
4 25 
4 27 
5 18 
5 29 
5 13 
5 31 
5 15 
6 18 
6 8 
6 25 
6 26 
7 24 
7 11 
7 28 
7 13 
7 29 
8 32 
8 20 
8 22 
8 9 
8 26 
8 11 
8 13 
9 16 
9 18 
9 22 
9 24 
9 26 
9 15 
10 19 
10 13 
11 17 
11 23 
12 16 
12 24 
12 26 
12 27 
12 13 
12 15 
13 18 
13 21 
13 27 
13 28 
13 30 
13 15 
14 17 
14 21 
14 27 
14 15 
15 17 
15 24 
15 25 
15 29 
15 31 
16 21 
16 22 
16 25 
16 29 
17 25 
17 26 
19 24 
20 22 
20 25 
21 22 
21 25 
21 28 
22 25 
22 27 
23 29 
24 32 
24 28 
24 30 
25 30 
26 32 
26 27 
26 30 
27 28 
30 32 
30 31 
