1 19 
1 4 
1 5 
1 6 
1 7 
1 23 
1 24 
1 9 
1 13 
1 15 
2 18 
2 3 
2 20 
2 5 
2 21 
2 6 
2 7 
2 24 
2 9 
2 26 
2 11 
2 15 
3 16 
3 4 
3 21 
3 5 
3 7 
3 25 
3 9 
3 26 
3 11 
3 12 
3 15 
4 8 
4 9 
4 10 
4 11 
4 12 
4 13 
4 16 
4 18 
4 19 
4 22 
4 23 
4 26 
5 6 
5 7 
5 8 
5 9 
5 10 
5 14 
5 15 
5 20 
5 22 
5 24 
5 26 
6 16 
6 17 
6 18 
6 20 
6 23 
6 7 
6 24 
6 13 
7 9 
7 11 
7 14 
7 16 
7 17 
7 20 
7 24 
7 25 
8 9 
8 12 
8 13 
8 14 
8 16 
8 18 
8 19 
8 20 
8 22 
8 23 
8 25 
9 11 
9 12 
9 14 
9 18 
9 19 
9 21 
9 24 
9 25 
9 26 
10 16 
10 17 
10 18 
10 22 
10 24 
10 12 
10 15 
11 14 
11 17 
11 18 
11 20 
11 23 
11 24 
11 25 
11 26 
12 16 
12 18 
12 19 
12 20 
12 23 
12 25 
12 26 
13 17 
13 18 
13 19 
13 20 
14 16 
14 17 
14 19 
14 20 
14 22 
14 23 
14 15 
15 16 
15 17 
15 18 
15 20 
15 21 
15 26 
16 19 
16 20 
17 19 
17 23 
18 20 
18 21 
18 23 
18 24 
18 25 
19 20 
19 22 
19 24 
20 21 
22 23 
22 24 
22 25 
23 24 
23 26 
24 25 
