1 19 
1 21 
1 22 
1 7 
1 8 
1 10 
1 26 
1 12 
2 17 
2 19 
2 21 
2 6 
2 22 
2 7 
2 24 
2 10 
2 15 
3 19 
3 21 
3 6 
3 22 
3 26 
3 11 
3 13 
4 17 
4 18 
4 19 
4 20 
4 22 
4 26 
4 10 
4 13 
4 14 
5 18 
5 19 
5 6 
5 9 
5 25 
5 10 
5 12 
6 7 
6 8 
6 9 
6 11 
6 14 
6 16 
6 22 
6 23 
6 24 
6 25 
6 26 
7 16 
7 19 
7 24 
7 10 
7 11 
7 12 
7 14 
8 18 
8 22 
8 26 
8 11 
8 13 
8 15 
9 17 
9 18 
9 19 
9 21 
9 22 
9 23 
9 25 
9 11 
10 11 
10 13 
10 14 
10 15 
10 20 
10 24 
10 25 
10 26 
11 12 
11 13 
11 18 
11 19 
11 22 
11 23 
11 26 
12 17 
12 18 
12 19 
12 22 
12 23 
12 25 
12 13 
12 14 
13 18 
13 20 
13 22 
13 24 
13 25 
13 14 
14 16 
14 17 
14 19 
14 25 
15 16 
15 18 
15 21 
15 25 
16 19 
16 21 
16 24 
16 25 
17 20 
17 24 
17 26 
18 19 
18 20 
18 26 
19 22 
19 23 
19 24 
20 23 
20 25 
21 23 
22 23 
22 24 
22 25 
23 25 
24 26 
