1 17 
1 18 
1 19 
1 3 
1 4 
1 5 
1 7 
1 11 
1 12 
1 13 
2 3 
2 20 
2 5 
2 6 
2 9 
2 10 
2 13 
2 14 
2 15 
3 18 
3 19 
3 20 
3 5 
3 15 
4 16 
4 18 
4 19 
4 5 
4 7 
4 8 
4 10 
4 12 
4 14 
5 16 
5 19 
5 20 
5 6 
5 9 
5 14 
6 7 
6 8 
6 9 
6 10 
6 12 
6 13 
6 14 
6 15 
6 16 
6 17 
6 18 
6 19 
7 16 
7 17 
7 20 
7 9 
7 11 
7 14 
8 19 
8 9 
8 13 
8 14 
9 19 
9 20 
9 11 
9 14 
10 16 
10 18 
10 19 
10 11 
10 13 
10 14 
11 16 
11 19 
11 13 
11 14 
12 17 
12 18 
12 19 
12 20 
12 14 
12 15 
13 19 
13 14 
14 20 
15 17 
16 18 
16 19 
17 18 
17 19 
19 20 
