1 2 
1 6 
1 7 
1 11 
1 12 
1 13 
1 14 
1 15 
1 17 
1 21 
1 22 
1 25 
1 26 
2 17 
2 4 
2 21 
2 23 
2 24 
2 26 
2 14 
3 17 
3 19 
3 20 
3 7 
3 24 
3 8 
3 28 
3 29 
4 16 
4 19 
4 5 
4 7 
4 8 
4 26 
4 27 
4 11 
4 29 
4 15 
5 18 
5 22 
5 7 
5 26 
5 14 
5 15 
6 18 
6 21 
6 22 
6 8 
6 24 
6 9 
6 13 
7 17 
7 19 
7 25 
7 26 
7 12 
7 13 
8 18 
8 21 
8 13 
8 14 
9 16 
9 17 
9 18 
9 21 
9 11 
9 15 
10 17 
10 20 
10 28 
10 12 
10 13 
11 23 
11 28 
11 12 
11 14 
11 15 
12 15 
12 16 
12 18 
12 23 
12 24 
12 26 
12 27 
12 28 
12 29 
13 16 
13 19 
13 20 
13 21 
13 24 
14 17 
14 18 
14 23 
14 25 
14 29 
15 18 
15 24 
15 27 
15 28 
16 20 
16 21 
16 23 
16 27 
17 22 
17 23 
18 21 
18 23 
18 26 
18 28 
19 21 
20 23 
20 26 
20 28 
21 27 
21 28 
21 29 
22 24 
22 25 
22 26 
22 28 
24 25 
24 26 
24 28 
24 29 
25 28 
26 27 
26 28 
27 28 
28 29 
