1 2 
1 4 
1 5 
1 7 
1 8 
1 11 
1 12 
1 13 
1 14 
1 15 
1 17 
1 20 
1 22 
1 23 
1 25 
2 3 
2 4 
2 5 
2 8 
2 11 
2 12 
2 13 
2 14 
2 15 
2 16 
2 17 
2 19 
2 20 
2 22 
2 24 
3 16 
3 19 
3 20 
3 4 
3 22 
3 7 
3 9 
3 10 
3 13 
3 14 
4 19 
4 20 
4 22 
4 7 
4 11 
4 13 
4 14 
5 7 
5 8 
5 9 
5 12 
5 13 
5 15 
5 17 
5 18 
5 19 
5 22 
5 23 
5 24 
5 25 
6 18 
6 22 
6 23 
6 24 
6 25 
6 9 
6 11 
6 12 
6 14 
7 18 
7 19 
7 23 
7 8 
7 24 
7 25 
7 13 
7 14 
8 19 
8 21 
8 24 
8 25 
8 10 
8 12 
8 14 
8 15 
9 17 
9 21 
9 22 
9 23 
9 14 
10 17 
10 18 
10 19 
10 21 
10 22 
10 23 
10 11 
10 13 
11 12 
11 13 
11 15 
11 17 
11 18 
11 21 
11 24 
11 25 
12 13 
12 15 
12 17 
12 18 
12 22 
12 23 
12 24 
12 25 
13 15 
13 17 
13 18 
13 19 
13 22 
13 25 
14 17 
14 19 
14 24 
14 25 
15 16 
15 24 
16 17 
16 18 
16 22 
16 23 
16 24 
17 19 
17 21 
17 23 
17 24 
18 19 
18 22 
18 24 
18 25 
19 20 
19 21 
19 22 
19 23 
20 21 
20 22 
20 25 
21 23 
21 24 
22 24 
24 25 
