1 20 
1 4 
1 6 
1 26 
1 27 
1 28 
1 29 
1 13 
1 14 
2 16 
2 18 
2 4 
2 5 
2 13 
2 30 
2 14 
3 19 
3 23 
3 7 
3 8 
3 24 
3 10 
3 27 
3 12 
3 13 
3 14 
4 20 
4 5 
4 25 
4 26 
4 12 
4 13 
4 15 
5 8 
5 13 
5 29 
5 15 
6 16 
6 23 
6 10 
6 27 
6 12 
6 13 
7 18 
7 19 
7 20 
7 26 
7 10 
7 28 
7 29 
8 19 
8 20 
8 26 
8 27 
8 15 
9 17 
9 24 
9 10 
10 20 
10 27 
10 29 
10 14 
11 21 
11 26 
12 14 
12 15 
13 17 
13 18 
13 21 
13 23 
13 27 
13 14 
14 16 
14 17 
14 23 
14 28 
15 19 
15 21 
15 25 
16 21 
16 25 
16 28 
17 21 
17 23 
17 26 
17 30 
18 21 
19 26 
19 28 
20 21 
20 23 
20 24 
20 27 
20 28 
21 26 
21 29 
21 30 
22 23 
22 24 
22 27 
22 29 
23 24 
23 30 
24 26 
25 26 
25 27 
25 28 
26 28 
26 29 
28 29 
