1 16 
1 33 
1 2 
1 21 
1 7 
1 24 
1 25 
1 26 
1 27 
1 12 
1 14 
1 15 
2 34 
2 5 
2 22 
2 27 
2 28 
2 13 
2 15 
3 16 
3 35 
3 4 
3 8 
3 25 
3 11 
3 28 
3 30 
4 16 
4 6 
4 7 
4 27 
4 12 
4 13 
4 14 
4 31 
4 15 
5 32 
5 16 
5 17 
5 18 
5 19 
5 8 
5 24 
5 13 
5 14 
6 16 
6 34 
6 18 
6 21 
6 8 
6 9 
6 27 
7 8 
7 13 
8 32 
8 17 
8 18 
8 20 
8 23 
8 10 
9 33 
9 25 
9 11 
9 30 
9 15 
9 31 
10 32 
10 34 
10 11 
10 14 
11 32 
11 24 
11 26 
11 29 
11 14 
12 35 
12 20 
12 21 
12 26 
12 15 
13 17 
13 18 
13 34 
13 28 
13 30 
14 17 
14 34 
14 22 
14 29 
15 19 
15 20 
15 23 
15 24 
15 28 
16 35 
16 18 
16 20 
16 21 
16 22 
16 26 
16 29 
16 30 
17 33 
17 19 
18 34 
18 22 
18 24 
18 25 
18 28 
18 31 
19 35 
19 20 
19 25 
19 26 
19 27 
19 28 
20 32 
20 31 
21 34 
21 35 
21 22 
21 24 
21 26 
21 28 
21 31 
22 33 
22 35 
22 27 
23 34 
23 35 
23 27 
23 29 
24 33 
24 25 
24 26 
25 33 
25 34 
25 35 
25 28 
26 32 
26 34 
26 28 
28 33 
28 35 
28 29 
28 30 
28 31 
30 35 
30 31 
32 35 
