1 2 
1 3 
1 6 
1 7 
1 8 
1 9 
1 10 
1 13 
1 14 
1 15 
1 17 
1 20 
1 22 
1 26 
1 30 
2 16 
2 18 
2 5 
2 8 
2 11 
2 31 
3 19 
3 23 
3 9 
3 26 
4 17 
4 18 
4 5 
4 22 
4 23 
4 24 
4 25 
4 26 
4 28 
4 15 
5 32 
5 7 
5 8 
5 12 
5 14 
5 15 
5 23 
5 27 
5 29 
5 30 
5 31 
6 21 
6 22 
6 24 
6 25 
6 11 
6 13 
7 16 
7 17 
7 18 
7 19 
7 21 
7 24 
7 10 
7 26 
8 19 
8 9 
8 10 
8 27 
8 28 
8 14 
8 15 
8 31 
9 17 
9 19 
9 20 
9 23 
9 10 
9 11 
9 13 
10 20 
11 32 
11 17 
11 20 
11 26 
11 29 
11 14 
11 15 
12 32 
12 19 
12 21 
12 28 
13 16 
13 20 
13 21 
13 22 
13 14 
14 18 
14 24 
14 25 
14 27 
14 28 
15 16 
15 17 
15 18 
15 20 
15 22 
15 23 
15 25 
15 26 
16 17 
16 26 
16 27 
17 18 
17 19 
17 22 
17 23 
17 30 
18 22 
18 26 
18 27 
19 28 
19 31 
20 24 
20 25 
20 29 
20 31 
21 24 
22 32 
22 23 
22 27 
22 30 
23 29 
24 32 
24 27 
24 28 
24 29 
24 30 
25 27 
25 30 
27 29 
27 31 
28 31 
29 30 
29 31 
