1 21 
1 5 
1 6 
1 7 
1 8 
1 25 
1 12 
1 13 
1 14 
1 31 
2 21 
2 7 
2 24 
2 27 
2 28 
2 30 
3 20 
3 5 
3 26 
3 29 
4 32 
4 5 
4 6 
4 25 
4 11 
4 13 
4 14 
5 17 
5 23 
5 11 
5 14 
6 17 
6 19 
6 25 
6 13 
6 14 
6 15 
7 32 
7 19 
7 22 
8 32 
8 17 
8 10 
8 26 
8 27 
8 12 
8 28 
8 30 
8 31 
9 17 
9 29 
10 25 
10 26 
10 28 
10 12 
10 13 
10 30 
11 32 
11 19 
11 20 
11 12 
11 29 
11 14 
12 16 
12 19 
12 23 
12 26 
12 27 
12 14 
13 32 
13 17 
13 18 
13 31 
14 19 
14 24 
14 25 
14 15 
15 26 
15 29 
15 30 
16 19 
17 21 
17 23 
18 21 
18 22 
19 25 
19 26 
19 28 
20 25 
20 26 
20 29 
20 30 
21 32 
21 23 
21 24 
21 25 
21 27 
24 25 
25 28 
25 29 
26 32 
26 28 
26 30 
27 28 
27 29 
27 31 
28 32 
28 30 
30 32 
30 31 
