1 32 
1 2 
1 4 
1 21 
1 23 
1 10 
1 28 
1 29 
2 32 
2 17 
2 5 
2 26 
2 27 
2 29 
2 31 
4 16 
4 32 
4 18 
4 7 
4 9 
4 11 
4 12 
4 28 
4 15 
5 18 
5 20 
5 26 
5 12 
5 29 
6 16 
6 19 
6 20 
6 10 
6 28 
6 14 
7 16 
7 32 
7 20 
7 23 
7 8 
7 9 
7 11 
7 15 
7 31 
8 32 
8 17 
8 18 
8 19 
8 25 
8 10 
8 13 
8 14 
9 16 
9 32 
9 18 
9 25 
9 15 
10 29 
11 12 
11 29 
11 30 
11 15 
11 31 
12 32 
12 16 
12 25 
12 27 
13 32 
13 16 
13 18 
13 21 
13 25 
13 31 
14 26 
14 28 
14 30 
15 32 
15 18 
15 25 
15 28 
15 29 
16 19 
16 20 
16 21 
16 27 
16 28 
17 18 
17 21 
17 23 
17 25 
18 19 
18 22 
18 26 
18 28 
18 30 
18 31 
19 22 
19 23 
19 25 
19 27 
20 32 
20 21 
20 27 
21 22 
21 29 
21 31 
22 32 
22 27 
22 28 
22 29 
23 24 
23 27 
24 31 
25 28 
26 32 
26 31 
27 32 
27 29 
28 29 
29 31 
