1 16 
1 2 
1 18 
1 20 
1 4 
1 5 
1 9 
1 10 
1 11 
1 12 
1 13 
1 14 
2 16 
2 18 
2 5 
2 6 
2 7 
2 8 
2 9 
2 12 
2 13 
3 16 
3 17 
3 19 
3 5 
3 6 
3 23 
3 8 
3 9 
3 11 
4 16 
4 18 
4 20 
4 5 
4 22 
4 23 
4 7 
4 10 
4 11 
4 13 
5 6 
5 8 
5 11 
5 12 
5 13 
5 14 
5 16 
5 20 
5 21 
6 22 
6 7 
6 8 
6 9 
6 11 
6 13 
6 15 
7 21 
7 8 
7 13 
7 14 
8 17 
8 18 
8 21 
8 13 
8 14 
8 15 
9 22 
9 23 
9 11 
10 17 
10 18 
10 22 
10 23 
10 11 
10 12 
10 13 
10 15 
11 17 
11 18 
11 19 
11 20 
11 23 
12 16 
12 18 
12 21 
12 22 
12 15 
13 15 
13 16 
13 18 
13 19 
13 20 
13 21 
13 22 
13 23 
14 16 
14 18 
14 21 
14 22 
14 23 
15 16 
15 17 
15 18 
15 20 
15 22 
16 17 
16 18 
16 19 
16 20 
17 20 
17 21 
17 23 
18 20 
18 22 
18 23 
19 22 
20 21 
20 22 
20 23 
21 23 
