1 16 
1 21 
1 6 
1 22 
1 23 
1 7 
1 26 
1 11 
1 28 
2 16 
2 3 
2 21 
2 7 
2 23 
2 25 
2 9 
2 10 
2 13 
2 29 
2 14 
2 30 
3 16 
3 17 
3 19 
3 5 
3 23 
3 24 
3 10 
3 11 
3 29 
3 30 
4 7 
4 8 
4 9 
4 10 
4 11 
4 18 
4 19 
4 20 
4 21 
4 23 
4 24 
4 25 
4 26 
4 27 
4 28 
5 17 
5 7 
5 24 
5 9 
5 13 
5 30 
5 14 
5 15 
6 16 
6 17 
6 19 
6 20 
6 24 
6 8 
6 26 
6 10 
6 28 
6 30 
7 19 
7 21 
7 23 
7 10 
7 11 
7 29 
7 13 
8 16 
8 19 
8 20 
8 21 
8 24 
8 27 
8 12 
8 13 
8 15 
9 20 
9 26 
9 12 
10 20 
10 21 
10 25 
10 27 
10 12 
10 14 
10 15 
11 18 
11 23 
11 25 
11 27 
11 13 
11 14 
11 15 
12 16 
12 24 
12 25 
12 26 
12 13 
13 17 
13 19 
13 23 
13 15 
14 16 
14 17 
14 19 
14 21 
14 22 
14 23 
14 28 
15 16 
15 19 
15 23 
15 26 
15 27 
15 28 
16 17 
16 18 
16 19 
16 25 
16 29 
17 18 
17 23 
17 30 
18 20 
18 21 
18 22 
18 27 
19 22 
19 27 
20 24 
21 24 
21 27 
21 29 
22 24 
22 26 
22 28 
22 30 
23 26 
23 28 
24 25 
25 27 
25 30 
26 27 
26 29 
26 30 
29 30 
