1 3 
1 6 
1 7 
1 23 
1 27 
1 29 
2 4 
2 5 
2 7 
2 10 
2 11 
2 13 
2 16 
2 19 
2 21 
2 23 
2 24 
2 25 
2 27 
2 28 
3 23 
3 25 
3 12 
3 14 
4 5 
4 6 
4 7 
4 11 
4 13 
4 16 
4 18 
4 20 
4 23 
4 25 
4 28 
4 29 
5 16 
5 18 
5 21 
5 7 
5 8 
5 24 
5 9 
5 11 
5 12 
6 17 
6 18 
6 21 
6 23 
6 26 
6 27 
6 13 
6 15 
7 24 
7 12 
7 13 
7 15 
8 18 
8 20 
8 24 
8 9 
8 10 
8 14 
9 10 
9 28 
10 21 
10 23 
10 24 
10 12 
10 28 
10 29 
11 18 
11 21 
11 22 
11 27 
11 28 
11 15 
12 16 
12 17 
12 20 
12 21 
12 25 
12 27 
12 15 
13 17 
13 18 
13 20 
13 22 
13 23 
13 25 
13 14 
14 16 
14 19 
14 20 
14 24 
14 28 
15 16 
15 20 
15 25 
15 26 
15 27 
16 18 
16 20 
16 23 
16 24 
16 26 
16 27 
17 25 
17 29 
19 27 
19 29 
20 23 
20 25 
21 22 
21 26 
21 28 
22 24 
22 25 
22 26 
22 29 
23 25 
23 28 
23 29 
24 25 
24 26 
24 28 
25 27 
25 29 
26 29 
27 28 
