1 19 
1 4 
1 24 
1 26 
1 13 
2 16 
2 17 
2 20 
2 12 
2 13 
2 14 
2 15 
3 20 
3 5 
3 7 
3 8 
3 25 
3 10 
4 17 
4 18 
4 20 
4 6 
4 7 
4 23 
4 11 
4 13 
5 19 
5 20 
5 21 
5 22 
5 10 
5 11 
5 13 
6 16 
6 18 
6 20 
6 7 
6 24 
7 21 
7 10 
7 15 
8 19 
8 22 
8 10 
9 17 
9 18 
9 19 
9 22 
9 23 
9 12 
10 16 
10 19 
10 22 
10 23 
10 24 
10 25 
10 11 
10 12 
11 22 
11 23 
11 26 
11 15 
12 16 
12 18 
12 20 
12 26 
13 18 
13 19 
13 23 
13 26 
14 20 
14 15 
15 19 
15 23 
15 24 
15 26 
16 18 
16 19 
16 23 
17 25 
18 23 
19 24 
19 26 
20 21 
20 23 
20 24 
20 25 
21 24 
23 25 
23 26 
