1 19 
1 3 
1 4 
1 8 
1 11 
1 12 
2 5 
2 21 
2 7 
2 10 
2 12 
3 16 
3 4 
3 22 
3 6 
3 8 
3 11 
3 14 
4 19 
4 21 
4 23 
4 11 
5 16 
5 20 
5 21 
5 7 
5 8 
5 9 
5 10 
5 12 
5 13 
5 14 
5 15 
6 17 
6 20 
6 23 
6 8 
6 13 
7 16 
7 17 
7 18 
7 20 
7 23 
7 8 
7 9 
7 12 
7 14 
8 19 
8 10 
8 14 
8 15 
9 18 
9 19 
9 11 
9 12 
9 14 
9 15 
10 19 
10 20 
10 21 
10 14 
11 16 
11 19 
11 20 
11 22 
11 23 
12 16 
12 17 
12 19 
12 20 
12 23 
12 15 
13 18 
13 19 
13 21 
14 18 
14 19 
14 20 
14 22 
15 17 
15 20 
15 21 
17 18 
17 19 
17 21 
17 22 
18 19 
19 21 
20 23 
22 23 
