1 17 
1 18 
1 19 
1 21 
1 6 
1 22 
1 9 
1 12 
1 13 
1 14 
2 17 
2 18 
2 5 
2 6 
2 22 
2 7 
2 8 
2 24 
2 10 
2 12 
2 14 
3 16 
3 19 
3 4 
3 20 
3 21 
3 22 
3 23 
3 8 
3 24 
3 9 
3 13 
4 18 
4 20 
4 5 
4 22 
4 6 
4 24 
4 10 
4 13 
5 20 
5 22 
5 7 
5 25 
5 9 
5 11 
5 12 
5 13 
5 14 
5 15 
6 7 
6 8 
6 9 
6 11 
6 16 
6 17 
6 20 
6 21 
6 22 
6 24 
7 16 
7 21 
7 8 
7 9 
7 25 
7 13 
8 16 
8 18 
8 19 
8 22 
8 25 
8 10 
8 15 
9 10 
9 11 
9 12 
9 13 
9 17 
9 20 
9 22 
9 23 
9 24 
10 11 
10 12 
10 13 
10 15 
10 16 
10 19 
10 21 
10 22 
10 23 
10 24 
10 25 
11 16 
11 17 
11 20 
11 21 
11 22 
11 13 
12 19 
12 20 
12 21 
12 22 
12 23 
12 24 
13 17 
13 22 
14 21 
14 15 
15 17 
15 18 
15 21 
15 24 
16 17 
16 18 
16 22 
16 23 
16 25 
18 21 
18 22 
18 23 
18 25 
19 20 
19 21 
19 22 
19 23 
20 24 
21 22 
21 23 
21 24 
