1 5 
1 6 
1 10 
1 11 
1 14 
1 15 
1 17 
1 21 
1 23 
1 25 
1 26 
1 28 
1 29 
2 3 
2 4 
2 21 
2 6 
2 24 
2 9 
2 26 
2 11 
2 28 
2 14 
3 5 
3 7 
3 13 
3 16 
3 17 
3 18 
3 19 
3 20 
3 22 
3 23 
3 24 
3 26 
3 27 
4 18 
4 20 
4 5 
4 9 
4 11 
4 14 
5 16 
5 6 
5 9 
5 25 
5 28 
5 15 
6 16 
6 20 
6 10 
6 26 
7 8 
7 13 
7 15 
7 16 
7 17 
7 18 
7 20 
7 24 
7 25 
7 27 
7 28 
7 29 
8 16 
8 26 
8 10 
8 13 
8 14 
8 15 
9 17 
9 22 
9 23 
9 25 
9 13 
10 20 
10 22 
10 23 
10 24 
10 26 
10 27 
10 12 
11 17 
11 18 
11 19 
11 21 
11 22 
11 24 
11 25 
11 27 
11 29 
12 19 
12 22 
12 23 
12 26 
12 28 
12 13 
13 19 
13 20 
13 23 
13 26 
13 28 
13 29 
13 15 
14 20 
14 24 
14 26 
14 27 
14 28 
15 16 
15 17 
15 19 
15 27 
15 28 
16 23 
16 24 
16 25 
16 26 
16 27 
16 28 
17 18 
17 23 
17 25 
18 19 
18 24 
18 28 
18 29 
19 21 
19 24 
19 26 
19 28 
19 29 
20 21 
20 25 
20 27 
20 28 
21 22 
21 23 
21 24 
22 24 
22 27 
23 27 
23 29 
24 25 
24 29 
25 26 
25 27 
25 28 
26 29 
28 29 
