1 2 
1 18 
1 19 
1 20 
1 24 
1 11 
1 27 
1 15 
2 3 
2 23 
2 27 
2 28 
2 13 
3 16 
3 19 
3 21 
3 5 
3 25 
3 11 
3 28 
3 13 
3 14 
4 16 
4 21 
4 5 
4 10 
4 28 
4 15 
5 16 
5 21 
5 22 
5 6 
5 24 
5 10 
5 14 
6 18 
6 21 
6 9 
6 10 
6 14 
6 15 
7 16 
7 17 
7 18 
7 19 
7 21 
7 22 
7 26 
7 28 
7 29 
7 14 
8 23 
8 10 
8 27 
8 12 
8 29 
9 16 
9 19 
9 20 
9 22 
9 26 
9 28 
9 12 
9 29 
9 15 
10 17 
11 16 
11 17 
11 18 
11 22 
11 24 
11 25 
11 14 
12 16 
12 17 
12 20 
12 25 
12 28 
12 13 
12 15 
13 16 
13 17 
13 21 
13 22 
13 26 
13 29 
13 15 
14 18 
14 19 
14 20 
14 21 
14 22 
14 24 
14 25 
14 29 
15 18 
15 25 
16 20 
16 24 
17 21 
17 23 
17 28 
17 29 
18 20 
18 25 
18 27 
19 20 
19 21 
19 24 
19 25 
19 26 
20 26 
20 29 
21 23 
21 24 
21 27 
21 28 
22 24 
23 25 
26 28 
