1 5 
1 6 
1 7 
1 9 
1 11 
1 13 
1 15 
1 17 
1 20 
1 21 
1 22 
1 23 
1 25 
2 16 
2 19 
2 5 
2 22 
2 7 
2 8 
2 25 
2 13 
3 21 
3 5 
3 6 
3 23 
3 8 
3 24 
3 25 
3 12 
4 17 
4 18 
4 5 
4 6 
4 22 
4 23 
4 25 
4 13 
4 14 
5 20 
5 7 
5 8 
5 24 
5 9 
5 25 
5 11 
5 12 
6 16 
6 18 
6 21 
6 22 
6 11 
6 13 
6 14 
6 15 
7 16 
7 18 
7 19 
7 24 
7 25 
7 11 
7 12 
7 13 
7 14 
8 17 
8 19 
8 23 
8 24 
8 9 
8 12 
9 16 
9 17 
9 20 
9 21 
9 24 
9 25 
9 10 
9 11 
9 12 
10 16 
10 20 
10 21 
10 23 
10 25 
10 11 
10 12 
11 12 
11 14 
11 16 
11 17 
11 20 
11 21 
11 25 
12 13 
12 15 
12 16 
12 18 
12 19 
12 20 
12 21 
12 23 
12 24 
13 17 
13 22 
14 18 
14 19 
14 21 
14 23 
14 24 
15 18 
15 19 
15 20 
15 21 
15 22 
15 24 
16 23 
16 24 
17 18 
17 19 
17 23 
17 25 
18 24 
18 25 
19 22 
19 25 
20 21 
20 23 
21 24 
21 25 
22 23 
22 25 
