1 16 
1 18 
1 19 
1 4 
1 20 
1 23 
1 10 
1 26 
1 11 
1 12 
1 28 
1 15 
2 16 
2 18 
2 3 
2 4 
2 24 
2 11 
2 12 
2 14 
3 17 
3 4 
3 5 
3 6 
3 8 
3 24 
3 9 
3 12 
3 13 
4 18 
4 19 
4 6 
4 23 
4 7 
4 8 
4 26 
4 11 
4 12 
5 17 
5 18 
5 19 
5 20 
5 6 
5 26 
5 29 
6 16 
6 18 
6 19 
6 21 
6 7 
6 9 
6 10 
6 11 
6 28 
7 17 
7 24 
7 9 
7 26 
7 27 
7 29 
7 13 
7 15 
8 16 
8 19 
8 21 
8 22 
8 24 
8 26 
8 11 
8 14 
9 13 
9 17 
9 18 
9 20 
9 22 
9 24 
9 25 
9 26 
9 28 
9 29 
10 16 
10 19 
10 22 
10 23 
10 27 
10 11 
10 14 
11 12 
11 13 
11 16 
11 18 
11 25 
11 26 
11 27 
12 17 
12 19 
12 21 
12 25 
12 26 
12 14 
12 15 
13 23 
13 25 
13 28 
13 29 
14 19 
14 22 
14 26 
14 28 
14 29 
14 15 
15 18 
15 20 
15 24 
15 26 
15 27 
15 28 
15 29 
16 17 
16 19 
16 21 
16 24 
16 27 
18 19 
18 22 
18 25 
18 28 
18 29 
19 20 
19 21 
19 25 
19 28 
20 22 
20 25 
20 29 
21 27 
22 23 
22 26 
22 28 
23 24 
23 29 
24 27 
25 26 
25 27 
25 28 
26 28 
26 29 
27 28 
27 29 
28 29 
