1 17 
1 2 
1 4 
1 22 
1 7 
1 8 
1 11 
1 30 
1 14 
2 16 
2 18 
2 22 
2 6 
2 7 
2 26 
2 12 
2 13 
2 14 
3 19 
3 20 
3 24 
3 25 
3 12 
3 28 
3 29 
3 14 
3 30 
4 9 
4 13 
4 15 
4 16 
4 17 
4 18 
4 19 
4 21 
4 24 
4 26 
4 29 
4 30 
5 17 
5 18 
5 6 
5 24 
5 12 
5 28 
5 13 
5 30 
6 10 
6 11 
6 13 
6 17 
6 18 
6 19 
6 21 
6 22 
6 25 
6 27 
6 29 
7 16 
7 17 
7 21 
7 25 
7 9 
7 26 
7 27 
7 29 
7 30 
7 14 
8 16 
8 18 
8 9 
8 10 
8 27 
8 28 
8 12 
8 13 
8 14 
8 15 
9 18 
9 20 
9 22 
9 10 
9 27 
9 28 
9 13 
9 30 
9 14 
10 16 
10 18 
10 23 
10 28 
10 12 
10 29 
10 15 
11 18 
11 19 
11 27 
11 28 
12 19 
12 22 
12 27 
12 29 
12 15 
13 20 
13 24 
13 30 
13 14 
13 15 
14 15 
14 21 
14 22 
14 24 
14 25 
14 28 
15 19 
15 21 
15 23 
15 28 
16 22 
16 25 
16 26 
16 28 
16 29 
17 18 
17 20 
17 24 
17 25 
17 26 
17 28 
18 21 
18 28 
19 20 
19 23 
19 25 
19 26 
19 30 
20 25 
20 27 
20 29 
21 22 
21 25 
22 28 
23 24 
23 26 
23 27 
24 30 
25 27 
25 28 
28 30 
29 30 
