1 16 
1 2 
1 5 
1 8 
1 9 
1 10 
1 15 
2 16 
2 18 
2 19 
2 20 
2 6 
2 8 
2 9 
2 12 
2 13 
2 14 
2 15 
3 17 
3 19 
3 4 
3 9 
3 11 
3 12 
3 14 
3 15 
4 16 
4 17 
4 19 
4 20 
4 5 
4 6 
4 7 
4 9 
4 10 
4 11 
4 13 
5 17 
5 19 
5 20 
5 8 
5 9 
5 10 
5 11 
5 13 
5 14 
5 15 
6 17 
6 18 
6 19 
6 20 
6 8 
6 9 
6 10 
6 11 
6 13 
7 18 
7 8 
7 9 
7 10 
7 14 
7 15 
8 19 
8 20 
8 10 
8 11 
8 13 
8 14 
8 15 
9 10 
9 12 
9 13 
9 14 
9 16 
9 17 
9 18 
9 19 
9 20 
10 18 
10 19 
10 12 
10 14 
10 15 
11 17 
11 19 
11 20 
11 12 
11 13 
11 14 
12 17 
12 18 
12 20 
12 13 
12 14 
13 20 
13 15 
14 16 
14 19 
14 20 
15 17 
15 18 
15 19 
15 20 
16 19 
16 20 
17 18 
17 19 
18 19 
18 20 
19 20 
