1 17 
1 2 
1 3 
1 20 
1 6 
1 22 
1 7 
1 25 
1 10 
1 11 
1 12 
1 15 
2 3 
2 23 
2 24 
2 25 
2 9 
2 10 
2 11 
3 16 
3 18 
3 4 
3 21 
3 23 
3 25 
3 11 
3 15 
4 18 
4 19 
4 23 
4 25 
4 15 
5 16 
5 18 
5 7 
5 23 
5 24 
5 9 
5 14 
6 17 
6 19 
6 23 
6 7 
6 9 
7 23 
7 25 
7 11 
7 12 
7 14 
7 15 
8 16 
8 17 
8 18 
8 19 
8 23 
8 24 
8 9 
8 10 
8 11 
8 13 
8 15 
9 18 
9 19 
9 20 
9 24 
9 25 
9 10 
10 17 
10 18 
10 19 
10 25 
10 11 
10 12 
10 13 
11 16 
11 17 
11 18 
11 21 
11 25 
11 13 
12 17 
12 20 
12 23 
13 17 
13 21 
13 25 
13 14 
13 15 
14 18 
14 20 
14 23 
14 25 
15 18 
16 17 
16 21 
16 22 
16 23 
16 24 
17 19 
17 25 
18 19 
18 20 
18 24 
18 25 
19 20 
20 24 
21 22 
21 23 
23 24 
24 25 
