1 18 
1 21 
1 5 
1 22 
1 23 
1 7 
1 8 
2 17 
2 6 
2 22 
2 27 
3 6 
3 23 
3 28 
3 29 
3 13 
3 15 
4 22 
4 26 
4 12 
4 28 
4 13 
4 14 
5 16 
5 7 
5 12 
6 22 
6 7 
6 8 
6 24 
6 9 
6 27 
6 13 
7 20 
7 21 
7 25 
7 9 
7 29 
7 14 
8 17 
8 18 
8 19 
8 20 
8 21 
8 9 
8 25 
8 10 
8 14 
8 15 
9 24 
9 12 
9 14 
10 18 
10 28 
11 19 
11 20 
11 21 
11 22 
11 26 
11 12 
11 15 
12 17 
12 23 
12 15 
13 14 
14 19 
14 23 
14 26 
15 16 
15 17 
15 19 
15 22 
16 17 
16 27 
16 28 
17 19 
17 21 
17 24 
17 25 
18 23 
18 25 
18 28 
19 21 
19 22 
19 23 
19 28 
19 29 
20 25 
20 26 
20 27 
20 28 
21 28 
21 29 
22 26 
22 27 
23 27 
24 27 
25 29 
26 27 
28 29 
