1 4 
1 6 
1 7 
1 8 
1 9 
1 11 
1 12 
1 13 
1 14 
1 16 
1 17 
1 18 
1 20 
1 22 
1 24 
1 25 
1 26 
2 18 
2 19 
2 5 
2 21 
2 6 
2 10 
2 26 
2 12 
2 13 
2 15 
3 20 
3 4 
3 5 
3 6 
3 22 
3 23 
3 7 
3 8 
3 25 
3 26 
3 12 
3 13 
4 8 
4 9 
4 11 
4 12 
4 13 
4 15 
4 16 
4 17 
4 19 
4 22 
4 23 
5 19 
5 21 
5 22 
5 24 
5 9 
5 10 
5 12 
5 14 
5 15 
6 21 
6 23 
6 10 
6 14 
7 8 
7 9 
7 10 
7 14 
7 16 
7 18 
7 19 
7 23 
7 24 
7 25 
7 26 
8 10 
8 12 
8 14 
8 15 
8 17 
8 19 
8 22 
8 24 
8 26 
9 16 
9 19 
9 22 
9 24 
9 10 
10 11 
10 12 
10 16 
10 18 
10 19 
10 20 
10 21 
10 26 
11 20 
11 21 
11 22 
11 26 
11 13 
11 14 
11 15 
12 16 
12 21 
12 15 
13 17 
13 21 
13 22 
13 15 
14 18 
14 19 
14 21 
14 23 
15 16 
15 17 
15 18 
15 26 
16 22 
16 24 
17 18 
17 20 
17 21 
17 22 
18 19 
18 20 
18 21 
18 22 
18 24 
18 25 
19 22 
20 22 
20 25 
20 26 
21 26 
22 26 
23 24 
23 25 
23 26 
24 26 
