1 2 
1 19 
1 25 
1 26 
1 11 
1 27 
1 12 
1 15 
1 31 
2 17 
2 20 
2 6 
2 23 
2 7 
2 14 
3 33 
3 34 
3 19 
3 9 
3 12 
3 13 
3 30 
4 5 
4 22 
4 7 
4 24 
4 9 
5 20 
5 23 
5 24 
5 14 
5 31 
6 16 
6 19 
6 20 
6 29 
6 31 
7 16 
7 35 
7 13 
7 30 
8 32 
8 18 
8 19 
8 22 
8 23 
8 27 
9 23 
9 24 
9 10 
10 16 
10 23 
10 26 
10 13 
10 30 
10 15 
11 17 
11 35 
11 21 
11 30 
12 17 
12 33 
12 21 
12 22 
12 25 
12 29 
12 14 
12 15 
13 32 
13 33 
13 18 
13 20 
13 21 
13 26 
13 27 
13 28 
14 16 
14 17 
14 33 
14 35 
14 24 
14 25 
15 30 
16 18 
16 20 
16 24 
16 27 
16 31 
17 18 
17 26 
17 27 
17 28 
18 32 
18 26 
19 33 
19 35 
19 22 
20 32 
20 35 
20 31 
21 22 
22 32 
22 35 
22 23 
22 24 
22 28 
22 29 
23 34 
23 24 
23 30 
24 27 
24 28 
25 35 
25 28 
25 29 
26 28 
26 29 
26 30 
27 35 
27 28 
28 34 
28 29 
28 30 
29 34 
29 30 
30 31 
31 32 
31 35 
33 34 
33 35 
