1 18 
1 19 
1 20 
1 5 
1 6 
1 7 
1 26 
1 12 
1 14 
2 19 
2 6 
2 23 
2 8 
2 25 
2 26 
2 28 
2 12 
2 14 
2 15 
3 20 
3 22 
3 25 
3 11 
3 28 
3 12 
3 14 
3 15 
4 23 
4 25 
4 29 
5 19 
5 22 
5 23 
5 24 
5 9 
5 26 
5 12 
5 29 
5 15 
6 16 
6 19 
6 20 
6 8 
6 24 
6 25 
6 9 
6 26 
6 28 
7 17 
7 18 
7 19 
7 20 
7 24 
7 9 
7 11 
7 27 
7 28 
8 16 
8 17 
8 18 
8 22 
8 25 
8 28 
8 12 
8 13 
8 29 
8 14 
9 17 
9 20 
9 24 
9 13 
9 15 
10 16 
10 17 
10 18 
10 20 
10 23 
10 25 
10 26 
10 27 
10 12 
11 18 
11 23 
11 24 
11 12 
11 15 
12 22 
12 23 
12 25 
12 15 
13 17 
13 19 
13 20 
13 26 
13 27 
13 14 
14 20 
14 21 
14 25 
15 19 
15 22 
15 24 
16 21 
16 22 
16 24 
16 25 
16 26 
17 18 
17 23 
17 25 
17 27 
18 21 
18 23 
18 29 
19 20 
19 21 
19 22 
19 23 
19 24 
19 26 
19 28 
19 29 
20 21 
20 24 
20 25 
20 27 
20 28 
21 29 
22 23 
22 29 
23 25 
23 27 
23 28 
23 29 
24 27 
25 26 
25 28 
26 28 
26 29 
27 29 
