1 17 
1 20 
1 6 
1 23 
1 8 
1 12 
2 17 
2 18 
2 6 
2 23 
2 24 
2 26 
2 28 
2 12 
2 13 
3 19 
3 20 
3 5 
3 21 
3 6 
3 24 
3 26 
3 28 
3 14 
4 17 
4 19 
4 20 
4 21 
4 7 
4 8 
4 9 
4 11 
4 12 
5 17 
5 22 
5 6 
5 7 
5 9 
5 10 
5 27 
5 11 
5 12 
6 21 
6 23 
6 27 
6 11 
7 18 
7 19 
7 22 
7 25 
7 10 
7 27 
7 12 
7 29 
7 14 
7 15 
8 9 
8 11 
8 13 
8 16 
8 17 
8 18 
8 19 
8 22 
8 23 
8 26 
8 28 
9 11 
9 12 
9 16 
9 18 
9 19 
9 20 
9 21 
9 22 
9 25 
9 29 
10 18 
10 21 
10 24 
10 26 
10 28 
11 12 
11 14 
11 17 
11 20 
11 22 
11 23 
11 27 
11 29 
12 16 
12 17 
12 18 
12 14 
13 16 
13 23 
13 25 
13 26 
13 27 
14 16 
14 18 
14 19 
14 20 
14 22 
14 27 
14 28 
15 18 
15 19 
15 20 
15 28 
16 20 
16 23 
16 24 
16 27 
16 29 
17 18 
17 20 
17 21 
17 24 
17 27 
18 24 
18 25 
18 27 
18 28 
18 29 
19 20 
19 21 
19 27 
19 28 
20 21 
20 22 
20 23 
20 27 
20 29 
21 23 
22 24 
22 25 
22 26 
22 27 
22 29 
23 25 
23 26 
24 26 
24 27 
24 28 
24 29 
26 27 
26 28 
27 28 
28 29 
