1 16 
1 17 
1 2 
1 3 
1 20 
1 5 
1 9 
1 12 
1 13 
1 15 
2 22 
2 6 
2 8 
2 29 
3 5 
3 24 
3 27 
3 28 
4 17 
4 21 
4 23 
4 7 
4 10 
4 13 
4 14 
5 17 
5 24 
5 25 
5 12 
5 14 
6 16 
6 24 
6 26 
7 21 
7 24 
7 26 
7 10 
7 29 
8 17 
8 22 
8 24 
8 29 
8 13 
9 20 
9 22 
9 15 
10 17 
10 21 
10 24 
10 11 
10 14 
11 16 
11 19 
11 20 
11 14 
11 15 
13 18 
13 19 
14 22 
14 25 
14 26 
14 27 
14 29 
15 18 
15 24 
15 25 
15 29 
16 25 
18 19 
18 24 
19 20 
21 22 
21 26 
21 27 
21 29 
23 24 
23 28 
25 26 
25 27 
27 28 
