1 2 
1 4 
1 7 
1 8 
1 9 
1 10 
1 11 
1 12 
1 14 
1 15 
1 17 
1 19 
1 23 
2 5 
2 6 
2 7 
2 9 
2 10 
2 12 
2 13 
2 16 
2 17 
2 18 
2 21 
2 23 
3 19 
3 4 
3 5 
3 21 
3 22 
3 12 
3 13 
3 14 
3 15 
4 5 
4 7 
4 8 
4 9 
4 10 
4 13 
4 14 
4 15 
4 16 
4 17 
4 18 
4 23 
5 6 
5 7 
5 8 
5 11 
5 12 
5 14 
5 15 
5 17 
5 18 
5 20 
5 23 
6 16 
6 18 
6 20 
6 23 
6 9 
6 10 
6 12 
6 13 
6 14 
7 16 
7 21 
7 22 
7 23 
7 8 
7 9 
7 10 
7 11 
8 10 
8 12 
8 13 
8 14 
8 16 
8 18 
8 19 
8 20 
8 21 
8 22 
9 10 
9 11 
9 13 
9 14 
9 15 
9 16 
9 17 
9 18 
9 20 
9 21 
9 22 
10 11 
10 12 
10 14 
10 15 
10 17 
10 18 
10 19 
10 20 
11 16 
11 17 
11 19 
11 20 
11 23 
11 12 
12 17 
12 18 
12 20 
12 21 
12 23 
13 19 
13 20 
13 21 
14 16 
14 18 
14 19 
14 20 
14 23 
15 17 
15 18 
15 21 
15 22 
15 23 
16 17 
16 18 
16 19 
16 20 
16 21 
16 22 
17 22 
18 21 
19 22 
19 23 
20 21 
21 22 
21 23 
