1 17 
1 2 
1 19 
1 6 
1 24 
1 28 
1 30 
1 15 
2 3 
2 4 
2 22 
2 24 
2 25 
2 29 
2 30 
2 14 
3 4 
3 21 
3 6 
3 23 
3 26 
3 27 
3 12 
3 15 
4 17 
4 22 
4 6 
4 7 
4 24 
4 25 
4 28 
4 13 
4 14 
5 16 
5 20 
5 21 
5 22 
5 8 
5 25 
5 10 
5 11 
5 30 
6 19 
6 20 
6 8 
6 26 
6 27 
6 12 
6 14 
7 19 
7 21 
7 25 
7 9 
7 28 
7 29 
7 30 
8 20 
8 24 
8 26 
8 28 
8 29 
8 14 
8 15 
9 21 
9 26 
9 27 
9 13 
10 18 
10 20 
10 22 
10 23 
10 27 
10 13 
10 30 
10 15 
11 18 
11 20 
11 22 
11 23 
11 25 
11 26 
11 29 
12 16 
12 17 
12 21 
12 24 
12 26 
12 29 
12 30 
12 15 
13 16 
13 17 
13 19 
13 23 
14 18 
14 20 
14 27 
15 17 
15 19 
15 26 
16 18 
16 22 
16 25 
16 29 
16 30 
17 29 
18 22 
18 25 
18 29 
19 21 
19 23 
19 25 
19 27 
20 25 
20 27 
21 22 
21 26 
21 29 
21 30 
22 23 
22 28 
22 29 
24 25 
25 26 
25 28 
25 29 
26 27 
27 29 
27 30 
29 30 
