1 2 
1 18 
1 3 
1 20 
1 5 
1 23 
1 11 
1 13 
1 15 
2 18 
2 21 
2 6 
2 7 
2 24 
2 25 
2 10 
3 16 
3 7 
3 8 
3 9 
3 12 
4 16 
4 20 
4 5 
4 21 
4 22 
4 9 
4 10 
4 11 
4 13 
5 16 
5 19 
5 24 
5 26 
5 11 
5 14 
6 17 
6 18 
6 23 
6 7 
6 9 
6 25 
6 10 
6 13 
6 15 
7 8 
7 9 
7 11 
7 12 
7 14 
7 15 
7 18 
7 19 
7 21 
7 23 
7 26 
8 16 
8 17 
8 21 
8 10 
9 18 
9 19 
9 20 
9 23 
9 24 
9 25 
9 11 
9 15 
10 17 
10 18 
10 25 
10 12 
10 14 
11 16 
11 17 
11 21 
11 22 
11 24 
11 25 
11 12 
12 17 
12 18 
12 25 
12 26 
13 18 
13 20 
13 14 
14 19 
14 21 
14 23 
14 24 
14 15 
15 21 
15 23 
15 24 
16 17 
16 19 
16 20 
16 23 
17 19 
17 22 
17 23 
17 25 
18 19 
18 26 
19 21 
19 22 
19 24 
19 25 
19 26 
20 21 
20 25 
21 22 
21 23 
21 24 
22 24 
23 24 
23 25 
23 26 
24 25 
