1 32 
1 19 
1 21 
1 5 
1 7 
1 28 
1 12 
1 31 
2 3 
2 20 
2 22 
2 8 
2 25 
2 13 
2 31 
2 15 
3 4 
3 5 
3 22 
3 24 
3 11 
3 12 
3 29 
3 13 
3 14 
4 17 
4 18 
4 21 
4 22 
4 6 
4 25 
4 28 
4 29 
4 30 
5 17 
5 19 
5 21 
5 23 
5 26 
5 11 
5 28 
5 30 
6 32 
6 17 
6 21 
6 7 
6 23 
6 24 
6 8 
6 10 
6 29 
6 14 
6 15 
7 16 
7 18 
7 19 
7 23 
7 24 
7 9 
7 26 
7 12 
7 28 
7 29 
8 19 
8 21 
8 9 
8 26 
8 12 
8 13 
8 14 
8 30 
8 31 
9 16 
9 19 
9 20 
9 24 
9 26 
9 11 
9 27 
9 30 
10 18 
10 21 
10 11 
10 29 
10 31 
10 15 
11 19 
12 17 
12 18 
12 23 
12 25 
12 28 
13 21 
13 24 
13 25 
13 27 
14 20 
14 22 
14 24 
14 25 
14 27 
15 18 
15 27 
16 32 
16 18 
16 23 
16 25 
16 27 
16 29 
16 30 
17 32 
17 19 
17 21 
17 26 
17 27 
17 28 
17 30 
18 19 
18 21 
18 22 
18 23 
18 25 
18 29 
19 23 
20 21 
20 22 
20 23 
21 22 
21 24 
21 25 
21 26 
22 24 
22 27 
22 28 
22 30 
22 31 
23 32 
23 24 
23 28 
24 25 
24 27 
25 30 
26 27 
26 28 
26 29 
27 29 
28 32 
28 29 
29 32 
30 32 
