1 3 
1 4 
1 5 
1 6 
1 8 
1 9 
1 10 
1 11 
1 12 
1 13 
1 14 
1 15 
1 17 
1 18 
2 16 
2 18 
2 3 
2 4 
2 6 
2 7 
2 9 
2 11 
2 12 
2 13 
3 6 
3 7 
3 8 
3 9 
3 10 
3 12 
3 13 
3 15 
3 16 
3 17 
3 19 
3 20 
4 18 
4 19 
4 5 
4 6 
4 10 
4 11 
4 14 
5 6 
5 8 
5 10 
5 12 
5 15 
6 10 
6 11 
6 12 
6 13 
6 14 
6 15 
6 17 
6 18 
6 20 
7 16 
7 20 
7 9 
7 11 
7 13 
7 15 
8 16 
8 17 
8 18 
8 10 
8 12 
8 14 
8 15 
9 17 
9 18 
9 19 
9 20 
9 10 
9 11 
9 13 
9 15 
10 16 
10 18 
10 12 
10 15 
11 16 
11 18 
11 12 
11 13 
11 15 
12 13 
12 14 
12 17 
12 18 
12 19 
13 17 
13 19 
13 15 
14 16 
14 17 
14 19 
14 20 
14 15 
15 17 
16 18 
16 19 
16 20 
17 18 
17 19 
17 20 
18 19 
18 20 
19 20 
