1 2 
1 19 
1 4 
1 6 
1 24 
1 9 
1 26 
1 11 
1 15 
2 16 
2 21 
2 6 
2 8 
2 25 
2 11 
2 13 
3 16 
3 21 
3 5 
3 24 
3 9 
3 26 
3 11 
3 29 
3 13 
4 16 
4 18 
4 6 
4 22 
4 11 
4 13 
5 7 
5 25 
5 10 
5 12 
5 29 
5 30 
6 8 
6 15 
6 16 
6 17 
6 21 
6 23 
6 25 
6 26 
6 27 
6 29 
7 17 
7 18 
7 23 
7 24 
7 26 
7 27 
7 28 
7 29 
7 30 
8 17 
8 23 
8 30 
8 14 
9 20 
9 25 
9 12 
10 16 
10 20 
10 23 
10 25 
10 28 
10 29 
10 13 
11 13 
11 14 
11 15 
11 16 
11 18 
11 22 
11 24 
11 25 
11 26 
11 27 
12 18 
12 19 
12 20 
12 29 
12 14 
13 20 
13 24 
13 26 
14 18 
14 23 
14 27 
14 28 
14 29 
14 15 
15 16 
15 21 
15 26 
15 27 
16 22 
16 23 
16 26 
16 27 
17 22 
17 25 
17 26 
17 27 
18 20 
18 21 
18 28 
18 29 
18 30 
19 20 
19 23 
19 24 
19 29 
21 23 
21 28 
21 29 
21 30 
22 30 
23 25 
23 26 
23 27 
24 26 
24 28 
24 29 
24 30 
26 27 
26 28 
27 29 
