1 17 
1 18 
1 2 
1 20 
1 5 
1 23 
1 7 
1 26 
1 10 
1 11 
1 28 
2 32 
2 6 
2 22 
2 9 
2 25 
2 15 
3 32 
3 19 
3 5 
3 30 
4 16 
4 17 
4 19 
4 26 
4 30 
4 14 
5 21 
5 22 
5 7 
5 24 
5 10 
5 26 
5 11 
5 27 
5 14 
6 16 
6 23 
6 24 
6 31 
7 32 
7 24 
7 25 
7 28 
7 31 
8 17 
8 23 
8 9 
8 11 
8 29 
9 32 
9 18 
9 23 
9 26 
10 21 
10 24 
10 25 
10 11 
10 29 
10 14 
11 32 
11 17 
11 22 
11 25 
11 27 
11 12 
11 31 
12 32 
12 18 
12 20 
12 24 
12 25 
12 27 
12 28 
12 14 
13 19 
13 20 
13 29 
13 15 
14 32 
14 16 
14 20 
14 22 
14 25 
14 15 
15 16 
15 32 
15 24 
15 25 
15 26 
15 27 
15 31 
16 17 
16 18 
16 21 
16 24 
16 26 
16 29 
17 32 
17 18 
17 19 
17 21 
17 25 
17 26 
17 28 
17 30 
18 32 
18 22 
18 25 
19 20 
19 28 
20 26 
20 31 
21 28 
21 30 
21 31 
23 27 
23 29 
24 25 
24 27 
24 29 
25 32 
25 29 
25 31 
26 32 
26 28 
26 30 
27 30 
29 31 
30 31 
