1 35 
1 19 
1 24 
1 10 
2 32 
2 20 
2 4 
2 23 
2 9 
2 25 
2 26 
2 30 
2 31 
3 16 
3 34 
3 4 
3 5 
3 7 
3 25 
3 29 
3 14 
3 15 
3 31 
4 32 
4 10 
4 15 
5 18 
5 34 
5 22 
5 6 
5 23 
5 27 
5 13 
5 31 
6 32 
6 34 
6 22 
6 23 
6 12 
7 19 
7 8 
7 25 
7 27 
7 14 
7 30 
7 31 
8 16 
8 17 
8 18 
8 34 
8 23 
8 27 
8 14 
8 31 
9 32 
9 26 
9 29 
9 14 
10 32 
10 20 
10 27 
10 29 
10 15 
11 17 
11 23 
11 25 
12 33 
12 20 
12 24 
12 25 
12 29 
12 31 
13 16 
13 19 
13 22 
13 25 
13 27 
13 30 
13 15 
14 18 
14 26 
14 27 
14 28 
14 29 
15 34 
15 18 
15 23 
15 25 
15 28 
15 29 
16 17 
16 34 
16 19 
16 20 
16 22 
16 23 
16 24 
17 18 
17 22 
17 27 
17 31 
18 20 
18 28 
19 24 
19 27 
20 35 
20 22 
20 27 
20 30 
21 32 
21 35 
21 27 
21 28 
22 33 
22 24 
23 25 
23 26 
23 28 
24 34 
25 34 
25 29 
26 34 
26 30 
26 31 
27 29 
28 29 
28 31 
31 35 
32 34 
33 35 
