1 2 
1 3 
1 7 
1 23 
1 24 
1 27 
2 32 
2 17 
2 19 
2 5 
2 6 
2 23 
2 26 
2 10 
2 28 
2 29 
2 13 
3 34 
3 35 
3 4 
3 22 
3 27 
3 11 
3 28 
3 30 
3 15 
4 32 
4 17 
4 19 
4 22 
4 9 
4 11 
4 29 
4 14 
5 16 
5 19 
5 22 
5 6 
5 7 
5 30 
6 17 
6 18 
6 8 
6 9 
6 10 
6 27 
6 13 
6 30 
6 14 
6 31 
7 17 
7 35 
7 20 
7 21 
7 22 
7 8 
7 10 
8 17 
8 18 
8 9 
8 27 
8 30 
8 15 
9 16 
9 32 
9 34 
9 19 
9 21 
9 22 
9 23 
9 10 
9 13 
10 19 
10 26 
10 27 
10 14 
10 15 
11 16 
11 18 
11 35 
11 20 
11 21 
11 22 
11 30 
11 15 
12 32 
12 34 
12 18 
12 21 
13 17 
13 19 
13 35 
13 20 
13 21 
13 22 
13 27 
14 16 
14 34 
14 35 
14 27 
14 28 
14 15 
15 34 
15 26 
15 31 
16 34 
16 19 
16 20 
16 28 
16 30 
16 31 
17 32 
17 33 
17 23 
17 25 
17 27 
17 30 
18 33 
18 19 
18 21 
18 23 
18 25 
18 28 
19 22 
19 25 
19 27 
20 33 
20 25 
20 28 
20 30 
21 33 
21 23 
22 25 
22 30 
22 31 
23 33 
23 35 
24 33 
24 34 
24 29 
25 34 
25 35 
25 29 
26 32 
26 34 
26 35 
26 30 
26 31 
27 28 
28 34 
