1 20 
1 21 
1 22 
1 9 
1 10 
1 26 
2 19 
2 4 
2 26 
2 12 
3 32 
3 34 
3 18 
3 6 
3 7 
3 24 
3 25 
4 18 
4 8 
4 12 
4 30 
5 34 
5 19 
5 7 
5 23 
5 10 
5 27 
5 11 
6 18 
6 23 
6 25 
6 13 
6 31 
7 33 
7 10 
7 28 
8 26 
8 11 
8 27 
8 14 
9 21 
9 15 
10 20 
10 25 
10 12 
10 29 
11 16 
11 15 
12 19 
12 30 
13 34 
13 25 
14 20 
14 22 
14 24 
14 26 
15 16 
15 21 
15 22 
15 24 
15 27 
16 21 
16 27 
17 35 
17 31 
18 22 
18 24 
19 35 
19 24 
19 25 
20 33 
20 35 
21 31 
22 32 
23 32 
23 33 
23 34 
23 24 
23 27 
23 28 
23 30 
24 28 
25 26 
27 33 
27 34 
27 30 
28 29 
29 32 
29 30 
32 33 
