1 16 
1 5 
1 23 
1 9 
2 4 
2 21 
2 6 
2 23 
2 7 
2 24 
2 9 
2 13 
2 14 
3 18 
3 6 
3 22 
3 7 
3 23 
3 14 
4 19 
4 5 
4 6 
4 25 
4 9 
4 15 
5 17 
5 19 
5 20 
5 21 
5 23 
5 25 
5 10 
5 11 
5 12 
5 13 
6 17 
6 24 
6 25 
6 10 
6 12 
6 13 
6 15 
7 16 
7 18 
7 20 
7 22 
7 8 
7 13 
7 15 
8 16 
8 18 
8 20 
8 24 
8 9 
8 11 
8 12 
8 15 
9 17 
9 18 
9 21 
9 23 
10 17 
10 19 
10 20 
10 24 
10 12 
10 13 
10 14 
11 19 
11 22 
11 23 
11 25 
11 15 
12 17 
12 18 
12 19 
12 13 
12 15 
13 17 
14 18 
14 21 
15 16 
15 24 
16 17 
17 23 
17 24 
18 22 
18 25 
23 24 
24 25 
