1 3 
1 4 
1 5 
1 9 
1 11 
1 13 
2 18 
2 19 
2 20 
2 21 
2 6 
2 12 
3 18 
3 7 
3 9 
3 25 
3 11 
3 12 
3 15 
4 6 
4 23 
4 8 
4 24 
4 14 
4 15 
5 16 
5 18 
5 21 
5 22 
5 24 
5 10 
5 11 
5 12 
5 13 
5 14 
6 20 
6 21 
6 24 
6 10 
6 12 
7 19 
7 23 
7 24 
7 25 
7 13 
7 15 
8 16 
8 20 
8 25 
8 9 
8 10 
9 16 
9 17 
9 21 
9 13 
10 16 
10 18 
10 21 
10 22 
10 11 
10 15 
11 17 
11 18 
11 15 
12 17 
12 21 
12 23 
12 25 
12 13 
13 16 
13 17 
13 19 
13 20 
13 23 
13 24 
13 25 
14 18 
14 23 
14 25 
15 18 
15 20 
15 23 
16 18 
17 24 
17 25 
18 20 
20 21 
20 25 
21 22 
22 25 
