1 3 
1 4 
1 7 
1 8 
1 9 
1 10 
1 11 
1 12 
1 13 
1 14 
1 15 
1 16 
1 18 
1 19 
1 23 
2 16 
2 17 
2 18 
2 3 
2 20 
2 5 
2 21 
2 7 
2 8 
2 9 
2 12 
3 4 
3 6 
3 7 
3 9 
3 12 
3 13 
3 14 
3 16 
3 17 
3 19 
3 20 
3 21 
3 22 
3 23 
4 16 
4 18 
4 19 
4 20 
4 5 
4 7 
4 10 
4 11 
4 13 
4 15 
5 16 
5 17 
5 18 
5 19 
5 20 
5 22 
5 23 
5 8 
5 9 
5 14 
6 16 
6 17 
6 18 
6 19 
6 10 
6 11 
6 12 
6 13 
6 14 
7 9 
7 10 
7 11 
7 12 
7 13 
7 15 
7 17 
7 18 
7 19 
7 23 
8 9 
8 10 
8 11 
8 12 
8 14 
8 16 
8 17 
8 19 
8 20 
8 22 
8 23 
9 10 
9 14 
9 16 
9 17 
9 19 
9 21 
9 23 
10 17 
10 18 
10 23 
10 13 
10 14 
10 15 
11 12 
11 13 
11 15 
11 16 
11 18 
11 20 
11 21 
11 22 
11 23 
12 16 
12 18 
12 14 
12 15 
13 16 
13 17 
13 21 
13 22 
13 23 
14 16 
14 17 
14 20 
14 22 
15 16 
15 17 
15 18 
15 19 
15 21 
16 17 
16 18 
16 19 
16 20 
16 23 
17 18 
17 19 
17 22 
17 23 
18 20 
18 21 
19 20 
19 21 
19 22 
19 23 
20 22 
20 23 
21 22 
21 23 
22 23 
