1 16 
1 18 
1 19 
1 20 
1 4 
1 21 
1 7 
1 24 
1 25 
1 10 
1 15 
2 16 
2 18 
2 19 
2 6 
2 22 
2 23 
2 25 
2 13 
2 14 
2 15 
3 19 
3 21 
3 6 
3 22 
3 8 
3 9 
3 12 
3 14 
4 21 
4 23 
4 24 
4 8 
4 10 
4 11 
4 12 
4 15 
5 22 
5 23 
5 7 
5 24 
5 9 
5 25 
5 11 
5 12 
5 14 
6 16 
6 19 
6 20 
6 24 
6 8 
6 25 
6 26 
6 13 
6 14 
6 15 
7 17 
7 19 
7 20 
7 23 
7 8 
7 10 
8 9 
8 13 
8 15 
8 18 
8 20 
8 21 
8 23 
8 24 
8 25 
9 18 
9 22 
9 24 
9 25 
9 10 
9 26 
9 13 
10 17 
10 19 
10 20 
10 24 
10 13 
11 16 
11 18 
11 13 
11 14 
12 17 
12 18 
12 19 
12 23 
13 16 
13 17 
13 18 
14 20 
14 21 
14 23 
14 25 
14 26 
15 19 
15 24 
16 17 
17 18 
18 19 
18 22 
18 26 
19 23 
19 26 
20 23 
20 25 
20 26 
21 22 
21 23 
21 24 
21 25 
22 23 
22 25 
23 24 
23 25 
25 26 
