1 16 
1 17 
1 18 
1 2 
1 19 
1 20 
1 21 
1 22 
1 25 
2 16 
2 18 
2 21 
2 5 
2 6 
2 22 
2 9 
2 28 
2 29 
3 16 
3 18 
3 20 
3 4 
3 23 
3 24 
3 25 
3 27 
3 11 
3 13 
4 23 
4 8 
4 24 
4 9 
4 10 
4 27 
4 28 
4 29 
5 17 
5 19 
5 23 
5 25 
5 13 
5 14 
5 30 
6 16 
6 17 
6 19 
6 8 
6 9 
6 10 
6 28 
6 29 
6 14 
6 30 
7 16 
7 17 
7 8 
7 25 
7 9 
7 10 
7 26 
7 28 
8 11 
8 14 
8 17 
8 20 
8 21 
8 22 
8 23 
8 25 
8 27 
8 29 
8 30 
9 18 
9 22 
9 23 
9 14 
9 15 
10 16 
10 22 
10 24 
10 26 
10 12 
10 28 
10 29 
11 18 
11 23 
11 24 
12 17 
12 13 
12 30 
12 14 
13 17 
13 22 
13 24 
13 25 
13 27 
13 28 
14 20 
14 24 
14 28 
14 30 
15 17 
15 22 
15 24 
15 28 
16 19 
16 21 
16 22 
16 26 
16 27 
16 30 
17 18 
17 20 
17 23 
17 24 
17 26 
17 27 
17 29 
18 20 
18 23 
18 25 
18 26 
18 28 
18 29 
19 20 
19 24 
19 28 
19 29 
20 22 
20 23 
20 24 
20 25 
20 26 
20 27 
20 29 
20 30 
21 27 
21 29 
22 27 
22 28 
23 26 
23 27 
23 29 
24 27 
24 28 
25 29 
26 28 
27 28 
28 29 
28 30 
