1 17 
1 3 
1 22 
1 7 
1 24 
1 26 
1 13 
1 29 
1 14 
2 20 
2 6 
2 22 
2 7 
2 9 
2 11 
2 12 
2 13 
3 21 
4 17 
4 7 
4 8 
4 24 
4 25 
4 27 
4 28 
4 14 
5 19 
5 8 
5 25 
5 9 
5 10 
5 13 
5 14 
6 18 
6 19 
6 20 
6 23 
6 24 
6 8 
6 10 
6 27 
6 28 
6 12 
6 14 
7 17 
7 23 
7 8 
7 26 
7 10 
7 11 
7 28 
8 16 
8 19 
8 20 
8 24 
8 9 
8 10 
8 26 
9 19 
9 23 
9 10 
9 11 
9 28 
9 13 
9 15 
10 19 
10 11 
10 12 
10 13 
10 14 
11 22 
11 23 
12 18 
12 20 
12 22 
12 24 
12 27 
12 29 
13 17 
13 18 
13 23 
14 21 
14 27 
14 29 
14 15 
15 17 
15 18 
15 22 
15 28 
16 18 
16 24 
17 22 
17 24 
17 26 
18 22 
18 29 
19 20 
19 23 
19 25 
19 26 
20 24 
21 29 
22 29 
24 28 
24 29 
25 26 
25 28 
26 27 
27 29 
28 29 
