1 16 
1 18 
1 3 
1 21 
1 22 
1 7 
1 9 
1 26 
1 15 
2 16 
2 18 
2 20 
2 22 
2 6 
2 23 
2 7 
2 14 
2 15 
3 4 
3 6 
3 7 
3 8 
3 10 
3 11 
3 13 
3 14 
3 15 
3 16 
3 18 
3 22 
3 24 
3 26 
4 16 
4 18 
4 21 
4 22 
4 24 
4 25 
4 9 
4 26 
4 12 
4 13 
5 16 
5 18 
5 19 
5 20 
5 22 
5 8 
5 10 
5 11 
5 12 
5 14 
6 7 
6 8 
6 9 
6 11 
6 12 
6 15 
6 16 
6 19 
6 20 
6 23 
6 25 
6 26 
7 8 
7 9 
7 11 
7 12 
7 16 
7 17 
7 18 
7 19 
7 26 
8 19 
8 22 
8 23 
8 24 
8 25 
8 10 
8 26 
8 11 
9 16 
9 19 
9 23 
9 24 
9 26 
9 13 
9 15 
10 16 
10 24 
10 26 
10 12 
10 14 
10 15 
11 13 
11 17 
11 18 
11 19 
11 21 
11 23 
11 25 
11 26 
12 16 
12 26 
12 14 
12 15 
13 21 
13 22 
13 25 
13 14 
14 19 
14 20 
14 22 
14 23 
14 24 
14 25 
15 17 
15 18 
15 19 
15 22 
15 23 
15 24 
15 25 
15 26 
16 19 
16 20 
16 21 
16 23 
16 24 
17 18 
17 20 
17 22 
17 23 
17 24 
17 26 
18 20 
18 23 
19 20 
19 23 
19 25 
20 22 
20 23 
21 22 
21 26 
22 25 
22 26 
23 25 
24 25 
24 26 
25 26 
