1 3 
1 6 
1 28 
1 29 
1 30 
1 15 
2 16 
2 3 
2 19 
2 24 
2 25 
2 10 
2 12 
3 17 
3 19 
3 8 
3 24 
3 9 
4 18 
4 6 
4 22 
4 12 
4 28 
4 30 
5 16 
5 19 
5 20 
5 6 
5 25 
6 16 
6 19 
6 9 
6 25 
6 11 
7 20 
7 23 
7 24 
7 27 
7 30 
8 16 
8 18 
8 20 
8 23 
8 12 
8 29 
9 20 
9 21 
9 23 
9 13 
9 29 
9 14 
10 17 
10 25 
10 13 
10 14 
11 16 
11 20 
11 22 
11 15 
12 17 
12 19 
13 25 
14 17 
14 19 
14 27 
14 30 
14 15 
15 18 
15 27 
16 21 
16 30 
17 18 
17 21 
17 23 
17 29 
18 20 
18 24 
18 30 
19 21 
19 22 
19 23 
19 28 
19 29 
20 22 
20 25 
21 23 
21 26 
21 30 
23 26 
26 28 
