1 3 
1 4 
1 21 
1 6 
1 25 
1 10 
1 13 
2 3 
2 21 
2 8 
2 27 
2 28 
2 29 
2 13 
2 14 
2 15 
3 16 
3 20 
3 22 
3 23 
3 26 
3 29 
3 30 
4 16 
4 19 
4 22 
4 7 
4 23 
4 9 
4 10 
4 27 
4 30 
4 14 
5 18 
5 22 
5 8 
5 25 
5 9 
5 11 
5 14 
6 16 
6 17 
6 20 
6 25 
6 9 
6 11 
6 29 
6 13 
6 14 
7 17 
7 19 
7 20 
7 21 
7 23 
7 24 
7 27 
7 12 
7 28 
7 30 
8 18 
8 19 
8 24 
8 25 
8 27 
8 12 
8 30 
9 16 
9 17 
9 21 
9 22 
9 24 
9 26 
9 27 
9 11 
9 14 
10 17 
10 19 
10 20 
10 24 
10 25 
10 29 
10 15 
11 17 
11 24 
11 26 
11 27 
11 28 
11 15 
12 17 
12 20 
12 24 
12 25 
12 28 
12 14 
13 20 
13 22 
13 26 
13 29 
13 15 
14 16 
14 18 
14 28 
14 29 
14 30 
14 15 
15 20 
15 21 
15 24 
15 25 
15 27 
15 30 
16 21 
16 22 
16 26 
16 27 
16 28 
17 21 
17 28 
18 22 
18 23 
18 25 
18 26 
18 27 
18 28 
18 29 
19 20 
19 21 
19 22 
19 27 
19 28 
19 29 
20 22 
20 24 
21 22 
21 24 
21 25 
21 26 
21 27 
21 30 
22 26 
22 30 
23 27 
23 28 
24 28 
24 30 
26 27 
26 28 
27 29 
27 30 
28 29 
