1 18 
1 2 
1 22 
1 23 
1 9 
1 12 
1 28 
2 16 
2 21 
2 5 
2 8 
2 11 
2 29 
3 9 
3 27 
3 14 
4 20 
4 23 
4 26 
4 27 
4 28 
4 29 
5 16 
5 20 
5 6 
5 23 
6 16 
6 18 
6 22 
6 8 
6 12 
7 17 
7 24 
7 9 
7 25 
7 14 
8 19 
8 23 
8 27 
8 15 
9 21 
9 23 
9 25 
9 28 
9 29 
9 14 
10 16 
10 20 
10 25 
10 28 
10 29 
10 14 
10 15 
11 20 
11 23 
11 28 
11 12 
12 21 
12 29 
12 13 
13 22 
13 23 
13 27 
13 14 
14 20 
14 23 
15 18 
15 21 
15 26 
15 27 
16 20 
16 21 
17 20 
17 21 
18 26 
18 29 
19 27 
20 22 
20 24 
20 27 
20 28 
21 28 
22 23 
22 25 
22 26 
23 29 
24 28 
25 26 
26 27 
27 29 
