1 17 
1 18 
1 3 
1 4 
1 20 
1 21 
1 23 
1 24 
1 9 
1 11 
1 12 
1 14 
2 3 
2 20 
2 5 
2 21 
2 9 
2 25 
2 11 
2 12 
2 15 
3 17 
3 19 
3 4 
3 21 
3 7 
3 24 
3 9 
3 26 
3 10 
3 13 
4 19 
4 5 
4 22 
4 24 
4 25 
4 13 
4 15 
5 17 
5 25 
5 9 
5 10 
5 26 
5 11 
5 13 
6 22 
6 24 
6 9 
6 26 
6 11 
6 13 
7 17 
7 21 
7 22 
7 23 
7 8 
7 10 
7 26 
7 11 
7 13 
8 19 
8 22 
9 20 
9 21 
9 22 
9 23 
9 25 
9 11 
10 17 
10 22 
10 26 
10 11 
10 12 
10 15 
11 15 
11 17 
11 18 
11 19 
11 20 
11 21 
12 18 
12 26 
13 16 
13 17 
13 18 
13 25 
13 26 
14 16 
14 19 
14 20 
14 23 
14 24 
15 18 
15 20 
15 23 
16 22 
17 18 
17 19 
17 20 
17 25 
18 26 
19 20 
19 23 
19 26 
20 21 
21 23 
22 26 
23 24 
23 26 
24 25 
