1 20 
1 5 
1 6 
1 23 
1 24 
1 9 
1 15 
2 16 
2 4 
2 21 
2 22 
2 7 
2 8 
3 19 
3 4 
3 20 
3 6 
3 22 
3 23 
3 8 
3 24 
3 25 
3 12 
3 15 
4 22 
4 24 
4 9 
4 25 
4 10 
4 12 
5 16 
5 17 
5 18 
5 22 
5 6 
5 7 
5 15 
6 16 
6 22 
6 8 
6 9 
6 10 
6 11 
6 13 
6 15 
7 16 
7 17 
7 18 
7 20 
7 21 
7 23 
8 18 
8 20 
8 9 
8 10 
8 11 
8 12 
8 13 
8 14 
9 16 
9 17 
9 18 
9 19 
9 25 
9 12 
9 15 
10 22 
10 23 
10 25 
10 15 
11 20 
11 22 
11 24 
11 25 
11 12 
11 14 
12 16 
12 17 
12 18 
12 21 
12 22 
12 25 
12 13 
13 19 
13 23 
14 18 
14 20 
14 21 
14 24 
14 25 
15 20 
15 22 
16 18 
16 20 
16 23 
16 25 
17 20 
17 21 
18 23 
19 21 
19 22 
19 23 
19 24 
20 21 
20 22 
20 25 
21 23 
22 23 
23 24 
23 25 
