1 17 
1 19 
1 4 
1 21 
1 5 
1 12 
1 29 
2 16 
2 4 
2 23 
2 14 
3 18 
3 22 
3 23 
3 24 
3 29 
3 13 
3 14 
4 16 
4 18 
4 21 
4 5 
4 11 
4 12 
4 13 
5 18 
5 11 
5 27 
5 13 
6 16 
6 18 
6 25 
6 9 
6 26 
6 28 
6 30 
7 20 
7 23 
7 24 
7 12 
7 14 
7 15 
8 16 
8 19 
8 9 
8 26 
8 27 
8 12 
8 15 
9 18 
9 23 
9 29 
9 14 
10 19 
10 21 
10 28 
10 30 
10 15 
11 19 
11 26 
11 12 
11 13 
11 14 
12 22 
12 26 
12 28 
12 13 
13 17 
13 20 
13 30 
14 17 
14 22 
14 25 
14 29 
15 16 
15 21 
15 22 
15 27 
15 29 
16 17 
16 25 
16 30 
17 19 
17 20 
17 22 
17 23 
17 27 
18 20 
18 22 
18 23 
18 28 
19 20 
19 23 
19 25 
20 24 
21 27 
21 30 
22 30 
23 26 
23 30 
24 25 
24 28 
24 29 
24 30 
25 26 
25 28 
25 30 
26 30 
27 30 
28 30 
