1 16 
1 2 
1 18 
1 4 
1 6 
1 23 
1 8 
1 9 
1 11 
1 12 
1 14 
2 16 
2 4 
2 22 
2 23 
2 8 
2 11 
2 12 
2 14 
2 15 
3 17 
3 18 
3 20 
3 5 
3 22 
3 6 
3 7 
3 9 
3 11 
3 14 
4 5 
4 7 
4 8 
4 10 
4 11 
4 12 
4 13 
4 15 
4 17 
4 19 
4 22 
5 17 
5 18 
5 19 
5 21 
5 22 
5 6 
5 7 
5 13 
6 7 
6 8 
6 9 
6 10 
6 11 
6 14 
6 17 
6 19 
6 20 
6 21 
6 22 
6 23 
7 8 
7 13 
7 14 
7 15 
7 16 
7 17 
7 18 
7 19 
7 20 
7 21 
7 22 
7 23 
8 10 
8 12 
8 13 
8 14 
8 15 
8 16 
8 19 
8 21 
9 10 
9 12 
9 13 
9 17 
9 18 
9 19 
9 20 
9 21 
9 22 
9 23 
10 16 
10 18 
10 20 
10 11 
10 12 
10 14 
11 19 
11 21 
11 22 
11 15 
12 13 
12 14 
12 16 
12 17 
12 18 
12 20 
12 22 
12 23 
13 17 
13 18 
13 22 
13 23 
13 15 
14 20 
14 21 
14 15 
15 17 
15 18 
15 21 
15 22 
15 23 
16 17 
16 18 
16 19 
16 20 
16 21 
16 22 
16 23 
17 19 
17 21 
17 23 
18 20 
18 22 
19 20 
19 21 
19 22 
19 23 
21 22 
22 23 
