1 16 
1 34 
1 25 
1 11 
1 12 
2 35 
2 6 
2 8 
2 14 
2 15 
3 16 
3 32 
3 22 
3 10 
3 26 
3 12 
3 14 
4 17 
4 19 
4 5 
4 8 
4 29 
4 14 
4 15 
5 32 
5 34 
5 20 
5 6 
5 24 
5 9 
5 13 
5 29 
6 34 
6 35 
6 7 
6 24 
6 9 
6 12 
7 8 
7 10 
7 12 
7 14 
8 32 
8 18 
8 29 
8 31 
9 16 
9 18 
9 35 
9 22 
9 25 
9 30 
10 32 
10 21 
10 30 
11 17 
11 18 
11 22 
11 31 
11 15 
12 32 
12 17 
12 21 
12 23 
12 24 
12 13 
12 14 
12 15 
13 20 
14 35 
14 15 
14 16 
14 18 
14 21 
14 25 
14 26 
14 27 
15 16 
15 33 
15 35 
15 21 
16 18 
16 35 
16 20 
17 33 
17 21 
17 24 
18 22 
19 33 
19 20 
19 26 
19 27 
20 33 
20 34 
20 25 
20 26 
20 28 
21 32 
23 30 
24 33 
24 34 
24 25 
25 28 
26 28 
27 31 
28 32 
28 31 
29 35 
29 30 
30 34 
