1 17 
1 19 
1 20 
1 23 
1 7 
1 9 
1 12 
1 14 
2 20 
2 4 
2 7 
2 23 
2 8 
2 13 
3 16 
3 19 
3 5 
3 6 
3 7 
3 23 
3 10 
3 12 
4 8 
4 9 
4 11 
4 12 
4 13 
4 14 
4 15 
4 17 
4 18 
4 19 
4 20 
4 21 
4 22 
4 23 
5 21 
5 7 
5 8 
5 11 
6 7 
6 11 
6 12 
6 14 
6 15 
6 16 
6 17 
6 18 
6 19 
6 20 
6 22 
6 23 
7 8 
7 11 
7 13 
7 15 
7 18 
7 19 
7 22 
7 23 
8 17 
8 19 
8 21 
8 23 
8 10 
8 11 
8 15 
9 17 
9 18 
9 19 
9 20 
9 21 
9 10 
9 15 
10 23 
10 11 
10 12 
10 13 
10 15 
11 16 
11 17 
11 18 
11 14 
12 16 
12 17 
12 20 
12 14 
13 17 
13 19 
13 20 
13 14 
14 16 
14 17 
14 18 
14 21 
14 22 
14 15 
15 17 
15 19 
15 22 
15 23 
16 17 
16 18 
16 19 
16 20 
17 21 
18 19 
19 21 
19 23 
20 22 
