1 16 
1 3 
1 19 
1 5 
1 6 
1 7 
1 8 
1 12 
1 13 
1 15 
2 17 
2 19 
2 20 
2 7 
2 8 
2 11 
2 12 
2 14 
2 15 
3 16 
3 17 
3 18 
3 5 
3 7 
3 8 
3 9 
3 10 
3 12 
3 14 
4 18 
4 6 
4 7 
5 16 
5 17 
5 18 
5 20 
5 7 
5 10 
5 11 
5 13 
5 14 
5 15 
6 17 
6 20 
6 7 
6 13 
6 14 
6 15 
7 16 
7 18 
7 20 
7 13 
7 14 
7 15 
8 17 
8 18 
8 19 
8 20 
8 9 
8 11 
8 15 
9 16 
9 17 
9 19 
9 10 
9 11 
9 12 
10 17 
10 12 
10 13 
10 14 
11 16 
11 17 
11 18 
11 19 
11 20 
11 12 
11 14 
11 15 
12 18 
12 19 
12 20 
12 13 
12 14 
13 17 
13 18 
13 19 
13 20 
13 14 
13 15 
14 15 
14 16 
14 17 
14 19 
15 20 
16 17 
16 18 
16 19 
17 19 
19 20 
