1 17 
1 18 
1 3 
1 21 
1 6 
1 24 
1 26 
1 27 
1 28 
1 29 
2 20 
2 21 
2 25 
3 17 
3 4 
3 22 
3 8 
3 11 
3 12 
4 17 
4 19 
4 22 
4 26 
5 17 
5 21 
5 8 
5 12 
5 14 
6 7 
6 10 
6 12 
6 28 
6 29 
6 13 
6 15 
7 16 
7 12 
7 28 
7 13 
7 14 
8 17 
8 22 
8 23 
8 24 
8 29 
8 15 
9 16 
9 22 
9 11 
9 29 
10 17 
10 18 
10 19 
10 21 
10 22 
10 26 
10 13 
10 14 
11 19 
11 13 
12 16 
12 17 
12 19 
12 23 
13 16 
13 21 
13 26 
13 27 
14 21 
14 28 
15 17 
15 21 
15 27 
16 21 
16 24 
16 25 
17 20 
17 21 
17 23 
17 25 
18 20 
18 21 
18 23 
18 24 
18 27 
19 23 
19 29 
20 21 
20 22 
20 27 
20 28 
21 26 
22 27 
22 29 
23 24 
23 27 
23 28 
25 27 
25 29 
28 29 
