1 2 
1 21 
1 7 
1 11 
1 28 
1 12 
1 13 
1 29 
2 32 
2 5 
2 7 
2 30 
2 31 
3 22 
3 7 
3 24 
3 26 
3 13 
3 14 
4 20 
4 5 
4 23 
4 9 
4 27 
4 13 
5 17 
5 27 
5 13 
6 25 
6 9 
6 29 
6 30 
7 17 
7 26 
7 11 
7 28 
7 29 
8 17 
8 22 
8 11 
8 13 
9 23 
9 25 
9 11 
9 31 
10 21 
10 27 
10 13 
11 13 
11 30 
11 14 
11 31 
12 16 
12 21 
12 30 
13 18 
13 20 
13 15 
14 32 
14 16 
14 19 
14 21 
14 28 
14 30 
14 15 
15 20 
15 31 
16 32 
16 20 
16 30 
17 32 
17 25 
18 32 
18 25 
18 27 
19 23 
19 25 
19 27 
19 30 
20 22 
21 32 
21 22 
21 23 
21 31 
23 26 
23 30 
24 29 
25 26 
25 29 
26 28 
