1 3 
1 4 
1 5 
1 7 
1 8 
1 9 
1 11 
1 12 
1 13 
1 16 
1 17 
1 18 
1 21 
2 16 
2 3 
2 4 
2 20 
2 21 
2 5 
2 6 
2 23 
2 8 
2 9 
2 13 
3 19 
3 4 
3 5 
3 22 
3 23 
3 7 
3 8 
3 9 
3 11 
4 16 
4 18 
4 6 
4 7 
4 8 
4 9 
4 10 
4 12 
5 6 
5 7 
5 11 
5 13 
5 14 
5 15 
5 17 
5 18 
5 19 
5 23 
6 16 
6 18 
6 19 
6 22 
6 23 
6 8 
6 15 
7 9 
7 11 
7 12 
7 14 
7 15 
7 18 
7 19 
7 22 
7 23 
8 17 
8 19 
8 21 
8 22 
8 9 
8 10 
8 11 
9 11 
9 12 
9 15 
9 17 
9 18 
9 19 
9 20 
9 23 
10 16 
10 17 
10 20 
10 23 
10 12 
10 13 
10 14 
10 15 
11 16 
11 17 
11 19 
11 14 
12 18 
12 19 
12 20 
12 22 
12 15 
13 16 
13 19 
13 20 
13 21 
13 22 
13 23 
13 15 
14 16 
14 17 
14 20 
14 21 
14 23 
14 15 
15 18 
15 20 
15 23 
16 20 
16 21 
16 22 
16 23 
17 21 
17 23 
18 19 
18 20 
18 21 
18 23 
19 22 
19 23 
20 21 
20 22 
20 23 
