1 21 
1 23 
1 8 
1 10 
1 30 
2 32 
2 6 
2 22 
2 23 
2 7 
2 9 
3 27 
4 9 
4 10 
4 29 
4 14 
5 17 
5 7 
5 15 
6 21 
6 22 
6 7 
6 23 
6 10 
6 31 
7 10 
7 27 
7 12 
8 32 
8 23 
8 9 
8 14 
8 30 
9 21 
9 26 
9 11 
9 29 
10 32 
10 16 
10 19 
10 22 
10 13 
11 32 
11 17 
11 20 
11 28 
11 30 
12 21 
12 28 
13 32 
13 17 
13 18 
13 21 
14 18 
14 19 
14 20 
14 26 
14 27 
14 28 
14 30 
15 18 
15 21 
15 25 
15 28 
16 19 
17 22 
19 25 
21 32 
22 23 
22 28 
22 31 
23 27 
23 29 
25 31 
26 32 
26 31 
28 29 
28 31 
29 32 
29 30 
