1 2 
1 3 
1 4 
1 6 
1 8 
1 9 
1 10 
1 14 
1 15 
1 18 
1 19 
1 20 
1 21 
1 23 
2 17 
2 19 
2 22 
2 8 
2 10 
2 12 
2 14 
2 15 
3 4 
3 5 
3 7 
3 9 
3 10 
3 11 
3 13 
3 15 
3 16 
3 17 
3 18 
3 19 
3 20 
3 21 
4 5 
4 6 
4 7 
4 9 
4 10 
4 12 
4 13 
4 14 
4 16 
4 17 
4 19 
4 21 
5 6 
5 7 
5 9 
5 10 
5 11 
5 12 
5 13 
5 14 
5 15 
5 17 
5 22 
5 23 
6 8 
6 10 
6 11 
6 12 
6 13 
6 14 
6 15 
6 16 
6 18 
6 20 
6 22 
6 23 
7 16 
7 23 
7 9 
7 11 
7 13 
8 9 
8 11 
8 13 
8 15 
8 16 
8 17 
8 18 
8 19 
8 21 
8 22 
8 23 
9 19 
9 22 
9 23 
9 11 
9 13 
10 11 
10 12 
10 14 
10 15 
10 16 
10 21 
10 22 
11 14 
11 15 
11 18 
11 20 
11 22 
11 23 
12 13 
12 14 
12 15 
12 16 
12 17 
12 18 
12 19 
12 21 
13 14 
13 15 
13 16 
13 18 
13 20 
13 22 
13 23 
14 15 
14 16 
14 17 
14 19 
14 20 
14 23 
15 16 
15 17 
15 18 
15 19 
15 21 
16 17 
16 18 
16 19 
16 21 
17 20 
17 22 
17 23 
18 19 
18 21 
18 22 
18 23 
19 20 
19 21 
19 22 
20 22 
20 23 
21 23 
22 23 
