1 16 
1 23 
1 7 
1 26 
1 29 
2 18 
2 4 
2 8 
2 9 
2 26 
2 27 
2 29 
2 14 
3 17 
3 18 
3 4 
3 21 
3 22 
3 27 
3 29 
3 13 
4 17 
4 22 
4 7 
5 21 
5 8 
5 25 
5 10 
5 26 
5 15 
6 19 
6 7 
6 23 
6 27 
6 28 
6 13 
7 19 
7 21 
7 22 
7 8 
7 10 
7 29 
8 21 
8 25 
8 10 
8 26 
8 29 
8 15 
9 20 
9 12 
9 13 
9 14 
9 15 
10 16 
10 23 
10 27 
10 28 
10 29 
11 19 
11 20 
11 22 
11 25 
11 27 
11 12 
11 29 
11 15 
12 19 
12 21 
12 22 
12 26 
12 27 
12 28 
13 17 
13 22 
13 26 
13 27 
14 17 
14 19 
14 23 
14 24 
14 26 
15 28 
16 20 
16 22 
17 21 
17 22 
17 23 
17 25 
18 23 
18 25 
18 29 
19 28 
19 29 
20 23 
24 27 
24 28 
24 29 
26 27 
26 28 
27 28 
