1 3 
1 4 
1 5 
1 22 
1 23 
1 8 
1 24 
1 12 
2 16 
2 3 
2 4 
2 5 
2 7 
3 20 
3 6 
3 9 
3 10 
3 13 
3 14 
3 15 
4 6 
4 22 
5 17 
5 19 
5 20 
5 8 
5 13 
5 14 
5 15 
6 19 
6 23 
6 8 
6 25 
6 11 
6 15 
7 20 
7 22 
7 23 
7 25 
7 13 
8 16 
8 21 
8 25 
9 18 
9 19 
9 22 
9 10 
9 12 
9 13 
9 15 
10 16 
10 18 
10 22 
10 23 
10 13 
10 14 
10 15 
11 22 
11 14 
11 15 
12 16 
12 18 
12 19 
12 21 
12 23 
12 25 
12 14 
12 15 
13 16 
13 18 
13 23 
13 25 
14 18 
14 22 
14 24 
14 25 
15 16 
15 21 
16 18 
16 20 
17 21 
17 22 
18 19 
18 25 
19 22 
19 23 
20 21 
20 24 
22 23 
22 25 
