1 19 
1 4 
1 22 
1 6 
1 29 
2 32 
2 16 
2 17 
2 18 
2 23 
2 7 
2 24 
2 29 
2 14 
3 32 
3 22 
3 6 
3 7 
3 24 
3 9 
3 27 
3 11 
3 12 
4 20 
4 9 
4 25 
4 28 
5 25 
5 26 
5 13 
5 31 
6 19 
6 25 
6 26 
6 12 
6 29 
7 17 
7 20 
7 23 
7 24 
7 26 
7 29 
7 14 
8 16 
8 22 
8 24 
8 10 
8 14 
9 32 
9 17 
9 21 
9 22 
9 23 
9 26 
9 13 
9 30 
10 16 
10 32 
10 25 
10 27 
10 28 
11 16 
11 17 
11 23 
11 24 
11 14 
12 16 
12 19 
12 20 
12 26 
12 28 
12 29 
12 15 
13 20 
13 25 
13 26 
14 22 
14 24 
15 21 
16 18 
17 18 
17 29 
17 30 
18 29 
19 32 
19 21 
19 27 
19 31 
20 25 
20 26 
20 31 
21 26 
22 32 
23 28 
23 29 
24 25 
25 28 
29 31 
30 31 
31 32 
