1 17 
1 18 
1 3 
1 5 
1 21 
1 6 
1 22 
1 23 
1 8 
1 26 
1 15 
2 3 
2 19 
2 7 
2 8 
2 9 
2 25 
2 10 
2 26 
2 11 
3 4 
3 20 
3 21 
3 5 
3 22 
3 25 
3 10 
3 13 
4 16 
4 17 
4 5 
4 22 
4 7 
4 8 
4 24 
4 25 
4 11 
4 14 
4 15 
5 19 
5 20 
5 21 
5 7 
5 23 
5 10 
5 11 
5 13 
5 15 
6 16 
6 19 
6 20 
6 24 
6 8 
6 9 
6 11 
6 12 
6 14 
7 16 
7 24 
7 13 
7 15 
8 18 
8 25 
8 9 
8 26 
8 10 
8 14 
8 15 
9 17 
9 18 
9 19 
9 26 
9 13 
10 23 
10 24 
10 25 
10 26 
11 13 
11 15 
12 26 
12 14 
13 20 
13 21 
13 26 
14 19 
14 22 
14 24 
14 25 
15 20 
15 24 
16 17 
16 18 
17 21 
17 25 
17 26 
18 20 
18 22 
18 25 
19 21 
19 22 
19 23 
20 23 
20 25 
20 26 
21 22 
21 23 
21 24 
21 25 
22 26 
25 26 
