1 16 
1 33 
1 31 
2 11 
2 13 
3 33 
3 17 
3 19 
3 24 
3 25 
3 26 
3 10 
3 31 
4 21 
4 7 
4 9 
4 26 
4 14 
4 31 
5 18 
5 6 
5 26 
5 27 
5 28 
5 13 
5 31 
6 17 
6 18 
6 14 
6 15 
7 16 
7 18 
7 9 
7 31 
8 17 
8 19 
8 20 
8 22 
8 24 
8 9 
8 13 
8 31 
9 16 
9 17 
9 19 
9 20 
9 27 
9 28 
9 12 
10 16 
10 20 
10 26 
10 27 
10 28 
10 14 
11 16 
11 33 
11 22 
11 25 
11 31 
12 33 
12 18 
12 34 
12 26 
12 14 
13 32 
13 34 
13 19 
13 24 
13 30 
14 19 
14 21 
14 26 
15 20 
15 21 
15 25 
15 31 
16 17 
16 23 
16 27 
17 18 
17 19 
17 24 
18 21 
18 24 
18 26 
19 32 
19 20 
19 21 
19 24 
20 35 
20 25 
20 30 
21 32 
22 30 
22 31 
24 32 
24 29 
25 34 
25 35 
25 27 
26 27 
27 32 
28 34 
28 31 
30 33 
30 35 
30 31 
31 32 
33 34 
