1 2 
1 18 
1 5 
1 6 
1 22 
1 23 
1 9 
1 26 
1 29 
2 16 
2 3 
2 21 
2 23 
2 7 
2 10 
2 27 
2 13 
2 15 
3 18 
3 19 
3 20 
3 7 
3 23 
3 24 
3 8 
3 26 
3 10 
3 14 
4 18 
4 20 
4 26 
4 11 
4 27 
5 16 
5 17 
5 21 
5 22 
5 23 
5 7 
5 9 
5 26 
5 29 
6 7 
6 10 
6 12 
6 14 
6 17 
6 18 
6 19 
6 21 
6 24 
6 25 
6 27 
6 28 
6 29 
7 16 
7 17 
7 9 
7 10 
7 26 
7 27 
7 13 
7 15 
8 16 
8 11 
8 28 
8 29 
8 13 
8 14 
8 15 
9 18 
9 11 
9 13 
9 15 
10 12 
10 13 
10 14 
10 17 
10 18 
10 21 
10 22 
10 23 
10 24 
10 25 
10 27 
11 20 
11 21 
11 22 
11 25 
11 26 
11 28 
11 29 
11 15 
12 24 
12 26 
13 18 
13 22 
13 26 
13 27 
13 15 
14 18 
14 19 
14 20 
14 22 
14 23 
15 18 
15 19 
15 21 
15 23 
15 25 
15 28 
16 18 
16 19 
16 21 
16 25 
16 28 
17 19 
17 24 
17 26 
17 29 
18 19 
19 23 
19 25 
19 26 
20 21 
20 23 
20 25 
20 28 
20 29 
21 25 
21 26 
22 25 
22 26 
23 26 
23 28 
25 26 
26 28 
27 28 
27 29 
28 29 
