1 17 
1 18 
1 2 
1 21 
1 6 
1 8 
1 24 
1 25 
1 10 
1 11 
2 16 
2 19 
2 4 
2 21 
2 6 
2 8 
2 9 
2 11 
2 13 
3 18 
3 20 
3 6 
3 22 
3 10 
3 11 
4 20 
4 21 
4 22 
4 24 
4 8 
4 9 
4 15 
5 18 
5 19 
5 24 
5 25 
5 15 
6 16 
6 7 
6 8 
7 18 
7 23 
7 11 
8 19 
8 10 
8 11 
9 23 
9 25 
9 13 
9 14 
10 21 
10 25 
11 21 
11 22 
11 25 
11 15 
12 16 
12 17 
12 22 
12 13 
12 14 
13 18 
13 19 
13 25 
13 14 
14 19 
14 23 
15 18 
15 21 
16 18 
16 20 
16 21 
16 25 
17 18 
17 19 
17 21 
17 23 
17 25 
18 19 
18 23 
18 24 
19 21 
19 24 
19 25 
20 23 
21 23 
22 23 
22 24 
23 24 
23 25 
