1 16 
1 2 
1 3 
1 21 
1 6 
1 7 
1 11 
1 14 
2 19 
2 3 
2 20 
2 7 
2 8 
2 13 
2 14 
2 15 
3 19 
3 4 
3 5 
3 21 
3 22 
3 11 
4 17 
4 5 
4 6 
4 7 
4 8 
4 14 
5 18 
5 20 
5 21 
5 14 
6 16 
6 11 
6 12 
6 14 
7 16 
7 17 
7 18 
7 19 
7 20 
7 14 
8 11 
8 13 
9 17 
9 19 
9 20 
9 21 
9 23 
9 10 
9 12 
9 14 
9 15 
10 18 
10 19 
10 21 
10 11 
10 13 
10 15 
11 16 
11 12 
11 14 
12 19 
12 13 
12 14 
13 18 
13 19 
13 20 
13 22 
13 23 
14 17 
14 19 
14 21 
14 22 
15 18 
15 23 
16 17 
16 18 
16 19 
16 22 
17 21 
17 23 
18 21 
18 23 
19 20 
19 22 
20 21 
20 22 
20 23 
21 22 
