1 17 
1 19 
1 21 
1 23 
1 10 
1 27 
1 15 
2 16 
2 19 
2 4 
2 21 
2 8 
2 9 
2 27 
2 29 
2 31 
3 32 
3 22 
3 6 
3 29 
3 15 
3 31 
4 16 
4 22 
4 23 
5 16 
5 22 
5 25 
5 27 
5 12 
5 28 
5 30 
5 15 
5 31 
6 32 
6 22 
6 23 
6 24 
6 25 
6 28 
6 14 
6 31 
7 32 
7 22 
7 10 
7 11 
7 27 
7 14 
8 18 
8 24 
8 26 
8 11 
8 31 
9 32 
9 16 
9 18 
9 21 
9 27 
10 17 
10 25 
10 11 
10 29 
11 17 
11 26 
12 32 
12 21 
12 24 
12 15 
13 27 
14 16 
14 19 
14 21 
15 16 
15 18 
15 21 
15 24 
15 29 
16 32 
16 17 
16 18 
16 26 
17 20 
17 21 
17 24 
17 27 
18 20 
19 21 
19 22 
19 23 
19 24 
19 25 
19 26 
20 21 
20 24 
20 30 
21 23 
21 28 
21 29 
22 26 
23 32 
24 26 
24 27 
25 31 
26 28 
27 29 
27 30 
27 31 
28 31 
29 30 
29 31 
