1 6 
1 10 
1 26 
1 28 
1 12 
1 13 
2 3 
2 4 
2 6 
2 8 
2 9 
2 10 
2 12 
2 14 
3 19 
3 21 
3 25 
3 26 
3 27 
3 28 
3 13 
3 30 
4 22 
4 6 
4 8 
4 12 
4 28 
5 24 
5 8 
5 11 
5 29 
6 9 
6 10 
6 14 
6 17 
6 18 
6 20 
6 23 
6 27 
6 28 
6 30 
7 17 
7 20 
7 9 
7 28 
7 14 
7 30 
7 15 
8 18 
8 21 
8 24 
8 25 
8 26 
8 10 
9 11 
9 14 
9 15 
9 16 
9 19 
9 22 
9 23 
9 26 
9 27 
9 28 
9 30 
10 16 
10 21 
10 11 
10 14 
10 15 
11 17 
11 19 
11 25 
11 14 
12 19 
12 20 
12 21 
12 15 
13 18 
13 21 
13 24 
13 26 
13 15 
14 17 
14 18 
14 24 
14 25 
14 15 
15 20 
15 21 
16 17 
16 22 
16 26 
17 21 
17 23 
17 24 
17 28 
18 19 
18 30 
19 21 
19 22 
19 27 
20 24 
20 26 
20 28 
25 26 
25 27 
26 29 
26 30 
29 30 
