1 2 
1 6 
1 23 
1 27 
1 30 
2 8 
2 25 
2 11 
2 30 
3 19 
3 26 
3 10 
3 28 
3 13 
3 29 
3 30 
3 15 
4 21 
4 8 
4 9 
4 11 
4 14 
5 21 
5 15 
6 18 
6 9 
6 25 
6 10 
6 12 
7 19 
7 20 
7 21 
7 24 
7 25 
7 26 
7 27 
7 11 
7 13 
8 21 
8 22 
8 23 
8 24 
8 25 
8 11 
8 13 
8 14 
8 15 
9 17 
9 20 
9 10 
9 13 
9 14 
10 17 
10 18 
10 20 
10 21 
10 27 
11 20 
11 21 
11 30 
12 17 
12 19 
12 24 
12 14 
13 16 
13 18 
13 19 
13 22 
13 26 
13 28 
13 14 
13 15 
14 19 
14 22 
14 25 
14 26 
14 29 
14 15 
15 17 
15 18 
15 21 
15 24 
15 28 
16 21 
16 25 
16 30 
17 18 
17 19 
17 21 
17 25 
17 27 
18 26 
18 29 
19 25 
19 26 
19 30 
20 22 
20 28 
20 29 
21 22 
21 30 
22 28 
22 29 
23 25 
23 28 
24 25 
24 27 
24 29 
24 30 
29 30 
