1 4 
1 24 
1 25 
1 31 
2 6 
2 23 
2 31 
3 16 
3 8 
3 24 
3 10 
3 11 
4 22 
4 27 
4 12 
5 32 
5 18 
5 25 
5 10 
5 11 
6 21 
6 27 
6 28 
6 29 
6 13 
7 32 
7 20 
7 8 
7 26 
7 31 
8 16 
8 32 
8 27 
8 13 
9 20 
9 21 
10 11 
10 28 
10 14 
11 19 
11 23 
11 27 
11 14 
11 15 
12 16 
12 32 
12 14 
12 15 
13 32 
13 21 
13 27 
14 20 
14 22 
14 24 
14 26 
14 27 
15 21 
15 26 
15 30 
16 18 
16 20 
16 22 
16 31 
17 27 
18 19 
18 22 
18 26 
18 29 
19 26 
20 30 
21 22 
21 27 
21 28 
23 24 
25 32 
25 28 
27 28 
27 29 
29 32 
29 31 
