1 5 
1 8 
1 9 
1 10 
1 14 
2 16 
2 17 
2 19 
2 4 
2 5 
2 7 
2 8 
2 11 
2 13 
2 15 
3 16 
3 19 
3 20 
3 4 
3 7 
3 8 
3 9 
3 10 
3 11 
3 13 
3 14 
4 16 
4 17 
4 6 
4 11 
4 12 
4 14 
4 15 
5 17 
5 18 
5 20 
5 6 
5 8 
5 12 
5 13 
5 14 
6 16 
6 17 
6 19 
6 20 
6 8 
6 10 
6 11 
6 15 
7 16 
7 8 
7 12 
7 13 
7 14 
8 17 
8 19 
8 10 
8 11 
8 14 
9 18 
9 20 
9 14 
10 16 
10 17 
10 19 
10 20 
10 12 
10 13 
11 18 
11 20 
11 12 
11 13 
11 15 
12 16 
12 17 
12 19 
12 13 
12 15 
13 17 
13 19 
13 20 
14 18 
15 19 
15 20 
16 17 
16 18 
17 18 
17 19 
18 19 
18 20 
