1 19 
1 10 
1 12 
2 17 
2 3 
2 19 
2 7 
2 23 
2 24 
2 30 
3 27 
3 11 
3 13 
3 14 
3 15 
4 21 
4 5 
4 9 
5 19 
5 8 
6 16 
6 21 
6 8 
6 25 
6 11 
7 20 
7 13 
8 32 
8 18 
8 10 
9 32 
9 17 
9 26 
9 13 
9 30 
10 19 
10 14 
11 18 
11 20 
11 26 
11 28 
11 29 
11 15 
12 22 
12 24 
12 14 
12 31 
13 21 
13 25 
14 16 
14 30 
15 19 
15 21 
15 27 
15 30 
15 31 
16 32 
16 20 
17 22 
17 27 
18 21 
18 29 
19 23 
19 30 
20 32 
20 27 
20 28 
21 25 
22 25 
22 30 
22 31 
23 26 
24 29 
24 31 
25 28 
26 32 
26 31 
27 29 
28 29 
28 31 
