1 19 
1 5 
1 27 
1 29 
2 18 
2 20 
2 22 
2 8 
2 24 
2 9 
2 12 
2 13 
2 14 
3 17 
3 19 
3 5 
3 6 
4 23 
4 24 
4 10 
4 14 
5 16 
5 19 
5 21 
5 6 
5 15 
6 17 
6 21 
7 17 
7 24 
7 8 
7 10 
7 12 
7 28 
7 13 
7 14 
8 17 
8 19 
8 20 
8 21 
8 28 
9 16 
9 17 
9 18 
9 19 
9 22 
9 10 
9 12 
9 13 
10 11 
10 29 
11 19 
11 20 
11 23 
11 26 
11 29 
11 14 
12 20 
12 27 
12 28 
13 18 
13 21 
13 22 
13 28 
13 14 
14 23 
14 15 
15 24 
15 25 
15 26 
16 19 
16 21 
16 23 
17 20 
17 26 
18 26 
18 29 
19 20 
19 27 
20 22 
20 27 
20 29 
22 25 
22 27 
23 24 
23 27 
23 29 
24 27 
25 26 
25 27 
