1 20 
1 21 
1 6 
1 22 
1 7 
1 8 
1 9 
1 31 
2 32 
2 20 
2 5 
2 8 
2 9 
2 10 
2 27 
2 29 
3 32 
3 20 
3 8 
3 9 
3 30 
3 31 
4 17 
4 20 
4 21 
4 22 
4 7 
4 23 
4 25 
4 11 
4 12 
5 19 
5 26 
5 11 
5 27 
5 28 
5 30 
5 15 
6 16 
6 19 
6 23 
6 10 
6 12 
7 32 
7 21 
7 8 
7 9 
7 30 
8 32 
8 11 
8 16 
8 17 
8 19 
8 20 
8 21 
8 24 
8 26 
8 30 
9 17 
9 14 
10 24 
10 14 
11 20 
11 21 
11 23 
11 25 
11 28 
11 13 
12 16 
12 17 
12 27 
12 31 
13 19 
13 27 
13 28 
13 29 
14 32 
14 21 
14 22 
14 23 
14 26 
14 31 
14 15 
15 18 
15 21 
15 22 
15 23 
15 27 
16 17 
16 18 
16 24 
17 20 
17 24 
17 28 
18 32 
18 22 
18 25 
18 31 
19 20 
19 24 
20 28 
20 30 
21 32 
21 24 
21 25 
21 29 
22 24 
22 28 
23 27 
24 26 
25 26 
25 28 
25 30 
26 28 
27 29 
28 32 
29 32 
29 30 
29 31 
31 32 
