1 16 
1 3 
1 4 
1 6 
1 9 
1 14 
2 18 
2 19 
2 7 
2 25 
2 11 
2 13 
2 30 
3 4 
3 6 
3 22 
3 7 
3 8 
3 26 
3 10 
4 20 
4 21 
4 10 
4 28 
4 13 
5 17 
5 22 
5 23 
5 26 
5 29 
5 30 
6 17 
6 25 
6 9 
6 26 
6 28 
6 14 
7 16 
7 8 
7 10 
7 27 
7 11 
8 17 
8 20 
8 21 
8 22 
8 23 
8 26 
8 11 
8 27 
9 16 
9 21 
9 12 
9 30 
10 24 
10 11 
10 12 
10 29 
10 13 
11 18 
11 29 
11 15 
12 16 
12 30 
13 25 
13 28 
13 14 
13 15 
14 25 
14 15 
15 21 
15 22 
15 27 
16 25 
16 27 
16 28 
17 20 
17 26 
17 27 
17 28 
18 28 
20 21 
20 24 
21 25 
22 30 
23 25 
23 28 
24 29 
25 29 
26 28 
