1 16 
1 2 
1 19 
1 20 
1 21 
1 5 
1 6 
1 23 
1 10 
1 13 
2 17 
2 3 
2 6 
2 23 
2 24 
2 11 
3 23 
3 25 
3 9 
3 11 
3 12 
3 15 
4 17 
4 20 
4 6 
4 7 
4 24 
4 8 
4 10 
4 11 
4 14 
5 17 
5 18 
5 19 
5 7 
5 9 
5 25 
5 10 
5 11 
5 12 
6 17 
6 18 
6 19 
6 20 
6 24 
6 10 
6 12 
6 15 
7 17 
7 21 
7 24 
7 8 
7 9 
7 12 
7 14 
8 16 
8 17 
8 19 
8 22 
8 23 
8 9 
8 10 
8 14 
8 15 
9 16 
9 18 
9 19 
9 22 
9 25 
9 10 
9 13 
9 14 
10 17 
10 19 
10 20 
10 25 
10 13 
11 16 
11 17 
11 18 
11 22 
11 23 
11 24 
12 21 
12 22 
12 23 
12 14 
13 16 
13 20 
13 21 
13 22 
13 24 
13 25 
14 16 
14 18 
14 19 
14 20 
14 21 
14 22 
14 23 
15 18 
15 20 
15 21 
16 17 
16 19 
16 21 
16 22 
16 23 
16 24 
16 25 
17 18 
17 20 
17 21 
17 22 
17 23 
17 24 
18 20 
18 22 
18 23 
18 24 
18 25 
19 20 
20 21 
20 22 
20 23 
20 25 
21 24 
21 25 
23 25 
24 25 
