1 16 
1 17 
1 2 
1 4 
1 21 
1 6 
1 24 
1 26 
1 13 
1 14 
2 16 
2 3 
2 4 
2 20 
2 5 
2 23 
2 8 
2 11 
2 13 
2 14 
3 7 
4 16 
4 20 
4 24 
4 10 
4 26 
4 12 
4 13 
5 16 
5 17 
5 25 
5 10 
5 12 
6 7 
6 25 
7 18 
7 20 
7 8 
7 11 
7 14 
7 15 
8 17 
8 20 
8 25 
8 15 
9 16 
9 17 
9 22 
9 25 
9 26 
10 17 
10 24 
10 14 
11 19 
11 21 
11 13 
11 15 
12 17 
12 18 
12 20 
12 22 
12 23 
13 24 
13 25 
14 16 
14 17 
14 19 
14 15 
15 19 
15 23 
16 20 
16 22 
17 18 
17 23 
17 25 
18 19 
18 22 
19 20 
19 21 
19 22 
