1 2 
1 3 
1 5 
1 6 
1 7 
1 9 
1 10 
1 11 
1 12 
1 13 
1 15 
1 16 
1 17 
1 18 
1 19 
1 20 
2 4 
2 5 
2 6 
2 7 
2 9 
2 10 
2 11 
2 12 
2 14 
2 15 
2 17 
2 18 
2 19 
2 20 
3 16 
3 20 
3 5 
3 6 
3 7 
3 8 
3 9 
3 11 
3 13 
4 16 
4 19 
4 20 
4 5 
4 7 
4 10 
4 11 
4 14 
5 6 
5 8 
5 10 
5 11 
5 12 
5 13 
5 14 
5 15 
5 18 
5 19 
5 20 
6 7 
6 8 
6 9 
6 10 
6 11 
6 13 
6 14 
6 18 
6 19 
6 20 
7 9 
7 10 
7 11 
7 13 
7 15 
7 18 
7 19 
7 20 
8 17 
8 18 
8 19 
8 20 
8 10 
8 11 
8 12 
8 13 
9 16 
9 18 
9 19 
9 20 
9 13 
9 15 
10 11 
10 13 
10 14 
10 15 
10 16 
10 17 
10 18 
10 19 
11 14 
11 16 
11 18 
11 20 
12 16 
12 17 
12 18 
12 19 
12 20 
12 13 
12 15 
13 15 
13 16 
13 18 
13 20 
14 17 
14 19 
14 20 
14 15 
15 16 
15 17 
15 19 
15 20 
16 17 
16 18 
16 20 
17 18 
17 19 
17 20 
18 19 
18 20 
19 20 
