1 17 
1 2 
1 20 
1 22 
1 6 
1 8 
1 25 
1 9 
1 28 
2 17 
2 9 
2 10 
2 29 
2 15 
3 19 
3 20 
3 21 
3 6 
3 7 
3 24 
3 9 
3 26 
3 10 
3 11 
3 30 
4 17 
4 18 
4 19 
4 5 
4 7 
4 27 
4 13 
4 30 
5 17 
5 20 
5 25 
5 9 
6 17 
6 21 
6 8 
6 24 
6 9 
6 15 
7 20 
7 8 
7 24 
7 27 
7 28 
8 10 
8 14 
8 17 
8 19 
8 20 
8 21 
8 23 
8 25 
8 26 
8 28 
8 29 
8 30 
9 17 
9 19 
9 22 
9 27 
9 12 
9 13 
9 29 
10 17 
10 21 
10 22 
10 25 
10 11 
10 12 
10 15 
11 12 
11 15 
11 16 
11 18 
11 19 
11 21 
11 24 
11 25 
11 26 
11 29 
11 30 
12 16 
12 17 
12 20 
12 28 
13 18 
13 20 
13 22 
13 24 
13 25 
13 26 
13 27 
13 28 
13 30 
13 14 
14 15 
15 16 
15 21 
15 22 
15 23 
15 24 
15 27 
15 28 
16 20 
16 22 
16 24 
16 26 
16 27 
17 19 
17 20 
17 22 
17 23 
17 24 
17 30 
18 21 
18 22 
18 23 
18 24 
18 26 
18 27 
19 20 
19 22 
19 24 
19 26 
19 27 
19 28 
20 25 
20 30 
21 22 
21 23 
21 24 
21 27 
21 28 
21 29 
22 23 
22 24 
22 26 
22 28 
23 30 
24 26 
24 28 
24 29 
25 28 
26 28 
27 29 
27 30 
