1 18 
1 2 
1 3 
1 4 
1 6 
1 23 
1 7 
1 24 
1 8 
1 25 
1 9 
1 11 
2 17 
2 18 
2 20 
2 5 
2 24 
2 26 
2 12 
2 14 
3 16 
3 17 
3 18 
3 19 
3 20 
3 5 
3 8 
3 25 
3 9 
3 13 
4 18 
4 19 
4 5 
4 6 
4 23 
4 8 
4 24 
4 12 
4 14 
5 16 
5 19 
5 21 
5 6 
5 23 
5 7 
5 9 
5 25 
5 13 
6 16 
6 7 
6 23 
6 24 
6 10 
6 12 
6 13 
7 16 
7 18 
7 21 
7 23 
7 25 
7 12 
7 13 
7 14 
8 16 
8 17 
8 19 
8 20 
8 21 
8 11 
8 12 
8 15 
9 19 
9 23 
9 25 
9 10 
9 12 
9 13 
9 14 
10 16 
10 17 
10 18 
10 13 
11 17 
11 19 
11 24 
11 26 
11 12 
11 13 
12 16 
12 17 
12 21 
12 23 
12 24 
12 25 
13 14 
13 16 
13 17 
13 18 
13 19 
13 23 
13 24 
13 25 
14 22 
14 23 
14 24 
15 16 
15 20 
15 21 
15 22 
16 17 
16 18 
16 19 
16 22 
16 23 
16 26 
17 19 
17 20 
17 21 
17 26 
18 26 
19 21 
19 26 
20 25 
21 22 
21 23 
22 24 
23 24 
23 26 
24 26 
25 26 
