1 2 
1 4 
1 5 
1 6 
1 8 
1 9 
1 10 
1 11 
1 12 
1 15 
1 16 
1 18 
1 19 
1 20 
2 17 
2 18 
2 3 
2 20 
2 5 
2 6 
2 7 
2 8 
2 15 
3 16 
3 17 
3 19 
3 4 
3 5 
3 6 
3 7 
3 8 
3 9 
3 10 
4 5 
4 6 
4 8 
4 11 
4 12 
4 14 
4 15 
4 16 
4 17 
4 18 
4 20 
5 16 
5 7 
5 8 
5 12 
5 14 
6 16 
6 17 
6 19 
6 20 
6 11 
6 12 
6 14 
6 15 
7 17 
7 19 
7 9 
7 10 
7 11 
7 13 
7 15 
8 11 
8 12 
8 13 
8 14 
8 15 
8 16 
8 18 
8 20 
9 17 
9 18 
9 19 
9 20 
9 13 
9 14 
9 15 
10 16 
10 17 
10 20 
10 11 
10 15 
11 16 
11 17 
11 20 
11 14 
12 16 
12 18 
12 19 
12 15 
13 16 
13 17 
13 18 
13 19 
14 16 
14 18 
14 19 
14 20 
14 15 
15 16 
15 17 
15 18 
15 19 
16 20 
17 18 
17 19 
17 20 
18 19 
