1 16 
1 17 
1 3 
1 19 
1 4 
1 21 
1 8 
1 10 
1 13 
2 17 
2 18 
2 20 
2 4 
2 9 
2 11 
2 15 
3 4 
3 21 
3 6 
3 7 
3 10 
3 14 
4 6 
4 7 
4 11 
4 12 
4 13 
4 14 
4 15 
4 19 
4 20 
4 21 
4 22 
5 21 
5 6 
5 8 
5 10 
5 11 
5 12 
5 13 
5 15 
6 16 
6 18 
6 19 
6 21 
6 22 
6 8 
6 9 
6 14 
6 15 
7 17 
7 14 
8 19 
8 20 
8 22 
8 15 
9 18 
9 21 
9 22 
9 10 
9 13 
10 17 
10 18 
10 19 
10 23 
10 11 
10 15 
11 19 
11 20 
11 23 
11 14 
12 17 
12 19 
12 14 
12 15 
13 20 
13 21 
13 23 
14 16 
14 17 
14 18 
14 19 
14 22 
15 18 
15 20 
15 21 
15 22 
16 19 
16 20 
16 21 
17 20 
17 21 
18 19 
18 22 
18 23 
19 21 
19 22 
20 22 
20 23 
21 23 
