1 16 
1 20 
1 4 
1 7 
1 8 
1 9 
1 11 
1 12 
1 13 
1 14 
2 16 
2 18 
2 19 
2 3 
2 5 
2 7 
2 9 
2 10 
2 12 
2 14 
2 15 
3 16 
3 19 
3 20 
3 5 
3 8 
3 11 
3 12 
3 14 
4 16 
4 17 
4 18 
4 20 
4 6 
4 7 
4 9 
4 10 
4 11 
4 13 
4 14 
5 16 
5 17 
5 20 
5 7 
5 8 
5 9 
5 11 
5 12 
5 14 
6 17 
6 19 
6 8 
6 9 
6 12 
7 9 
7 10 
7 11 
7 12 
7 13 
7 14 
7 15 
7 16 
7 17 
8 20 
8 9 
8 10 
8 12 
8 14 
9 10 
9 12 
9 13 
9 15 
9 16 
9 19 
9 20 
10 16 
10 17 
10 18 
10 20 
10 12 
10 14 
10 15 
11 19 
11 14 
11 15 
12 13 
12 15 
13 16 
14 17 
14 18 
14 20 
15 18 
16 17 
16 18 
16 20 
17 18 
17 20 
18 19 
18 20 
19 20 
