1 16 
1 19 
1 4 
1 22 
1 6 
1 24 
1 25 
1 13 
1 15 
2 18 
2 3 
2 20 
2 22 
2 24 
2 26 
2 13 
3 17 
3 18 
3 4 
3 5 
3 21 
3 22 
3 8 
3 26 
3 10 
3 14 
3 15 
4 17 
4 20 
4 21 
4 22 
4 24 
5 8 
5 10 
6 8 
6 24 
6 25 
6 9 
6 26 
6 12 
6 14 
7 17 
7 21 
7 9 
7 11 
8 19 
8 10 
8 11 
8 13 
9 22 
9 23 
9 12 
10 21 
10 23 
10 11 
10 15 
11 22 
11 23 
11 24 
11 12 
12 16 
12 22 
12 23 
12 24 
12 13 
12 15 
13 19 
13 21 
13 22 
13 23 
13 24 
13 25 
13 14 
14 17 
14 20 
14 15 
15 21 
15 24 
16 24 
17 19 
17 21 
17 23 
17 24 
18 23 
19 21 
21 23 
21 25 
22 26 
24 25 
24 26 
