1 17 
1 21 
1 5 
1 7 
1 8 
1 30 
1 31 
1 15 
2 33 
2 21 
2 9 
2 26 
2 14 
3 32 
3 33 
4 17 
4 19 
4 21 
4 25 
4 26 
5 32 
5 16 
5 8 
5 26 
5 11 
5 13 
6 33 
6 35 
6 7 
6 27 
6 12 
6 29 
6 15 
7 35 
7 11 
7 27 
8 24 
8 26 
9 33 
9 20 
9 24 
9 13 
10 19 
10 28 
11 33 
11 18 
11 20 
11 12 
11 13 
11 29 
11 14 
11 31 
12 35 
12 14 
12 30 
13 18 
13 20 
13 24 
13 25 
13 29 
14 29 
15 19 
15 29 
16 17 
16 19 
17 24 
17 29 
18 27 
18 29 
18 31 
19 31 
20 22 
20 27 
20 28 
21 33 
21 34 
21 35 
21 24 
21 25 
22 27 
23 26 
23 29 
24 33 
24 35 
24 29 
25 27 
28 30 
29 30 
30 32 
32 35 
