1 3 
1 4 
1 21 
1 22 
1 6 
1 7 
1 27 
1 14 
2 16 
2 3 
2 29 
2 30 
3 18 
3 19 
3 4 
3 20 
3 24 
3 8 
3 12 
3 30 
3 15 
4 5 
4 6 
4 7 
4 24 
4 9 
4 27 
4 15 
5 17 
5 21 
5 7 
5 8 
5 9 
5 12 
5 15 
6 20 
6 13 
6 31 
7 16 
7 32 
7 17 
7 21 
7 24 
7 26 
7 28 
8 16 
8 9 
8 30 
8 14 
8 15 
9 16 
9 24 
9 26 
9 13 
9 31 
10 18 
10 22 
10 30 
10 14 
10 15 
11 17 
11 21 
11 23 
11 28 
11 13 
11 29 
12 16 
12 19 
12 23 
12 14 
13 16 
13 25 
13 26 
13 28 
14 22 
14 24 
14 15 
15 32 
15 21 
15 24 
15 31 
16 32 
16 26 
17 19 
17 30 
18 23 
18 24 
18 25 
18 27 
19 32 
19 25 
19 27 
20 23 
20 25 
20 31 
21 23 
21 24 
21 28 
22 29 
23 24 
24 25 
24 26 
24 31 
25 27 
25 30 
25 31 
26 27 
26 28 
28 31 
29 32 
