1 2 
1 4 
1 22 
1 6 
1 23 
1 25 
1 9 
1 26 
1 13 
1 14 
1 15 
2 3 
2 5 
2 12 
2 13 
2 14 
2 15 
2 16 
2 18 
2 19 
2 20 
2 21 
2 22 
2 25 
2 26 
3 5 
3 7 
3 8 
3 11 
3 13 
3 15 
3 16 
3 17 
3 20 
3 21 
3 22 
3 23 
3 25 
3 26 
4 19 
4 8 
4 24 
4 25 
4 9 
4 10 
4 11 
5 7 
5 8 
5 9 
5 10 
5 14 
5 15 
5 16 
5 20 
5 21 
5 23 
5 24 
5 25 
6 19 
6 9 
6 25 
6 10 
6 12 
6 14 
7 9 
7 11 
7 13 
7 14 
7 15 
7 16 
7 17 
7 20 
7 22 
7 25 
7 26 
8 9 
8 12 
8 13 
8 14 
8 15 
8 16 
8 18 
8 19 
8 21 
8 22 
8 23 
8 26 
9 18 
9 25 
9 12 
9 13 
9 15 
10 17 
10 18 
10 19 
10 21 
10 22 
10 23 
11 22 
11 24 
11 26 
11 12 
11 15 
12 16 
12 20 
12 21 
12 22 
12 25 
12 26 
12 14 
13 22 
13 15 
14 17 
14 19 
14 23 
14 25 
14 15 
15 17 
15 19 
15 20 
15 21 
15 24 
15 26 
16 17 
16 22 
16 23 
16 25 
17 18 
17 19 
17 21 
17 23 
17 26 
18 20 
18 21 
18 26 
19 20 
19 21 
19 22 
19 25 
20 22 
20 23 
20 24 
20 25 
21 22 
21 25 
21 26 
22 25 
23 24 
24 25 
25 26 
