1 21 
1 24 
1 25 
1 12 
1 15 
2 19 
2 21 
2 22 
2 23 
2 7 
2 9 
2 10 
2 15 
3 20 
3 24 
3 9 
3 29 
4 17 
4 18 
4 6 
4 22 
4 7 
4 10 
4 28 
5 19 
5 7 
5 10 
6 16 
6 22 
6 23 
6 25 
6 26 
6 27 
6 15 
7 18 
7 22 
7 24 
7 10 
7 26 
7 28 
7 29 
8 17 
8 21 
8 22 
8 15 
9 28 
9 13 
10 18 
10 19 
10 28 
11 25 
12 19 
12 21 
12 26 
12 28 
13 27 
13 14 
14 16 
15 16 
15 18 
15 29 
16 21 
16 22 
16 27 
16 29 
17 26 
17 27 
17 28 
18 23 
18 26 
18 27 
19 24 
19 25 
20 24 
21 23 
22 24 
23 27 
23 28 
25 26 
26 28 
