1 18 
1 3 
1 20 
1 5 
1 21 
1 6 
1 23 
1 7 
1 8 
1 11 
2 18 
2 4 
2 21 
2 5 
2 22 
2 7 
2 24 
2 9 
2 25 
2 13 
2 15 
3 16 
3 19 
3 20 
3 5 
3 6 
3 23 
3 7 
3 12 
3 13 
3 15 
4 16 
4 17 
4 21 
4 5 
4 7 
4 8 
4 25 
4 12 
4 13 
5 17 
5 24 
5 10 
5 14 
5 15 
6 19 
6 21 
6 10 
6 11 
6 12 
6 13 
7 19 
7 20 
7 21 
7 8 
7 10 
7 12 
7 14 
8 18 
8 20 
8 22 
8 14 
8 15 
9 16 
9 17 
9 20 
9 22 
9 24 
9 11 
9 13 
9 14 
10 23 
10 12 
10 13 
10 14 
11 18 
11 20 
11 22 
11 13 
12 17 
12 18 
12 21 
12 24 
12 13 
13 16 
13 19 
13 20 
13 21 
13 23 
14 17 
14 24 
14 25 
15 16 
15 18 
15 22 
15 24 
16 21 
16 25 
17 18 
17 19 
17 22 
18 22 
18 23 
18 24 
18 25 
19 22 
20 21 
20 22 
20 24 
21 24 
