1 18 
1 4 
1 21 
1 6 
1 25 
1 9 
1 26 
1 10 
1 11 
2 18 
2 3 
2 5 
2 24 
2 14 
2 15 
3 18 
3 20 
3 5 
3 25 
3 26 
3 12 
3 28 
3 15 
4 19 
4 20 
4 5 
4 22 
4 23 
4 8 
4 24 
5 7 
5 8 
5 11 
5 12 
5 18 
5 23 
5 24 
5 26 
5 27 
5 29 
6 16 
6 18 
6 21 
6 23 
6 26 
6 11 
6 28 
6 12 
6 15 
7 19 
7 8 
7 12 
7 28 
8 18 
8 22 
8 25 
8 10 
8 27 
9 24 
9 27 
9 11 
9 28 
9 12 
9 14 
10 17 
10 21 
10 25 
10 26 
11 18 
11 21 
11 12 
11 13 
12 16 
12 28 
12 13 
12 15 
13 18 
13 23 
13 24 
13 27 
14 18 
14 23 
14 24 
14 28 
15 20 
16 20 
16 22 
16 23 
16 29 
17 21 
17 25 
17 28 
18 21 
18 22 
18 24 
18 28 
18 29 
19 20 
19 25 
19 28 
19 29 
20 24 
20 25 
20 26 
20 28 
20 29 
21 22 
21 24 
21 27 
21 28 
22 24 
22 29 
23 24 
23 27 
23 29 
24 28 
25 27 
26 28 
27 28 
28 29 
