1 16 
1 18 
1 3 
1 4 
1 21 
1 23 
1 8 
1 24 
1 25 
1 10 
1 13 
2 3 
2 4 
2 5 
2 7 
2 8 
2 11 
2 12 
2 14 
2 17 
2 18 
2 20 
2 21 
2 22 
2 24 
2 25 
3 17 
3 19 
3 4 
3 5 
3 22 
3 7 
3 25 
3 12 
3 13 
4 5 
4 8 
4 9 
4 10 
4 12 
4 13 
4 17 
4 19 
4 21 
4 22 
4 23 
5 6 
5 8 
5 11 
5 12 
5 13 
5 15 
5 20 
5 21 
5 22 
5 24 
6 16 
6 18 
6 20 
6 21 
6 7 
6 23 
6 8 
6 25 
6 10 
6 11 
7 22 
7 24 
7 9 
7 12 
8 16 
8 23 
8 24 
8 9 
8 25 
8 10 
8 13 
9 18 
9 19 
9 23 
9 24 
9 12 
9 14 
9 15 
10 12 
10 13 
10 14 
10 15 
10 17 
10 21 
10 23 
10 24 
10 25 
11 12 
11 13 
11 15 
11 16 
11 18 
11 19 
11 21 
11 22 
11 24 
11 25 
12 13 
12 15 
12 16 
12 17 
12 19 
12 21 
12 22 
12 24 
13 15 
13 16 
13 17 
13 18 
13 19 
13 23 
14 18 
14 22 
14 23 
15 20 
15 21 
15 23 
15 24 
15 25 
16 19 
16 22 
16 23 
17 18 
17 21 
17 22 
17 23 
17 24 
17 25 
18 19 
18 21 
18 22 
18 23 
18 25 
19 22 
19 23 
19 25 
20 21 
20 22 
20 23 
20 24 
21 23 
21 24 
21 25 
22 25 
