1 16 
1 2 
1 4 
1 20 
1 5 
1 6 
1 8 
1 10 
1 11 
1 12 
1 13 
1 14 
2 17 
2 19 
2 3 
2 4 
2 20 
2 5 
2 6 
2 8 
2 9 
2 11 
2 15 
3 4 
3 5 
3 8 
3 10 
3 11 
3 12 
3 13 
3 14 
3 15 
3 16 
3 17 
3 18 
3 19 
3 20 
4 5 
4 6 
4 7 
4 9 
4 13 
4 14 
4 15 
4 16 
4 17 
4 19 
4 20 
5 6 
5 8 
5 10 
5 12 
5 14 
5 15 
5 16 
5 18 
5 19 
6 7 
6 9 
6 11 
6 14 
6 15 
6 16 
6 17 
6 18 
6 19 
7 16 
7 18 
7 8 
7 9 
7 11 
7 12 
7 13 
7 14 
7 15 
8 9 
8 10 
8 11 
8 12 
8 15 
8 16 
8 18 
8 19 
8 20 
9 16 
9 17 
9 20 
9 11 
9 12 
9 13 
9 15 
10 16 
10 18 
10 20 
10 11 
10 13 
10 15 
11 17 
11 19 
11 20 
11 13 
12 16 
12 19 
12 13 
13 14 
13 15 
13 16 
13 17 
13 19 
13 20 
14 15 
14 16 
14 17 
14 18 
14 19 
14 20 
15 16 
15 17 
15 18 
15 19 
15 20 
16 17 
16 18 
16 19 
16 20 
17 18 
17 19 
17 20 
18 19 
19 20 
