1 7 
1 8 
1 26 
1 28 
2 20 
2 4 
2 8 
2 10 
2 26 
2 14 
2 15 
3 17 
3 18 
3 19 
3 5 
3 24 
3 26 
3 11 
3 28 
3 13 
3 30 
4 18 
4 19 
4 21 
4 22 
4 7 
4 11 
5 16 
5 32 
5 20 
5 7 
5 25 
5 28 
5 29 
5 13 
5 14 
6 32 
6 18 
6 19 
6 28 
6 29 
6 30 
7 18 
7 19 
7 29 
7 15 
8 17 
8 18 
8 21 
8 23 
8 11 
8 27 
8 14 
9 16 
9 17 
9 24 
9 29 
9 13 
9 14 
9 31 
10 17 
10 18 
10 22 
10 26 
10 15 
11 16 
11 23 
11 24 
11 29 
11 30 
12 22 
12 26 
12 28 
12 13 
13 23 
13 30 
14 16 
14 17 
14 18 
14 24 
14 27 
14 28 
14 30 
15 17 
15 19 
15 23 
16 32 
16 19 
16 20 
16 22 
16 24 
16 29 
16 31 
17 32 
17 21 
17 30 
18 20 
18 27 
18 29 
18 30 
19 28 
20 32 
20 22 
20 26 
20 27 
20 30 
21 32 
21 22 
21 26 
22 28 
23 25 
23 31 
24 26 
24 28 
26 27 
27 32 
28 32 
28 31 
29 32 
30 31 
