1 17 
1 18 
1 4 
1 20 
1 21 
1 22 
1 26 
1 11 
1 13 
1 15 
2 16 
2 17 
2 18 
2 3 
2 4 
2 5 
2 22 
2 23 
2 9 
2 10 
3 4 
3 20 
3 5 
3 23 
3 9 
3 26 
3 11 
4 22 
4 6 
4 24 
4 25 
4 10 
4 11 
4 12 
4 14 
5 16 
5 17 
5 18 
5 21 
5 9 
5 25 
5 10 
5 15 
6 19 
6 7 
6 8 
6 9 
6 25 
6 10 
6 11 
6 12 
6 13 
6 14 
7 16 
7 18 
7 8 
7 26 
7 11 
7 13 
7 14 
7 15 
8 19 
8 20 
8 22 
8 23 
8 24 
8 10 
8 14 
9 16 
9 24 
9 11 
10 16 
10 18 
10 19 
10 25 
10 12 
10 13 
11 17 
11 20 
11 23 
11 24 
11 14 
11 15 
12 16 
12 18 
12 19 
12 20 
12 21 
12 24 
12 25 
12 26 
12 15 
13 18 
13 21 
13 24 
13 15 
14 16 
14 18 
14 21 
14 22 
14 23 
14 25 
14 26 
15 17 
15 18 
15 19 
15 22 
15 24 
15 26 
16 18 
16 21 
16 23 
16 24 
17 20 
17 21 
17 24 
17 26 
18 19 
18 20 
18 24 
19 20 
19 24 
19 26 
20 21 
20 24 
21 22 
22 23 
22 24 
22 25 
25 26 
