1 17 
1 19 
1 20 
1 4 
1 23 
1 8 
1 9 
1 27 
1 11 
1 30 
1 15 
2 3 
2 20 
2 5 
2 6 
2 24 
2 13 
3 5 
3 6 
3 8 
3 10 
4 18 
4 6 
4 25 
4 12 
4 30 
4 14 
4 15 
5 16 
5 18 
5 20 
5 7 
5 23 
5 11 
5 30 
6 20 
6 22 
6 9 
6 11 
7 10 
7 26 
7 29 
7 15 
8 20 
8 23 
8 24 
8 10 
8 27 
8 28 
8 15 
9 18 
9 20 
9 23 
9 24 
9 27 
9 13 
9 30 
9 14 
10 16 
10 20 
10 25 
10 26 
10 29 
10 14 
10 30 
10 15 
11 17 
11 19 
11 25 
11 28 
11 30 
11 15 
12 17 
12 18 
12 19 
12 25 
12 27 
12 13 
13 16 
13 26 
13 14 
13 30 
13 15 
14 21 
14 26 
14 30 
15 16 
15 20 
15 21 
15 22 
15 23 
15 26 
15 29 
16 17 
16 27 
16 29 
17 18 
17 21 
17 22 
17 24 
17 26 
17 28 
17 30 
18 19 
18 23 
18 25 
19 23 
19 24 
19 25 
19 29 
19 30 
20 21 
20 25 
20 29 
20 30 
21 23 
21 27 
21 28 
21 29 
21 30 
22 24 
23 29 
23 30 
24 26 
24 29 
25 27 
25 29 
25 30 
27 30 
29 30 
