1 16 
1 17 
1 2 
1 3 
1 19 
1 20 
1 4 
1 23 
1 8 
1 9 
2 17 
2 4 
2 20 
2 6 
2 23 
2 7 
2 8 
2 10 
2 13 
2 14 
2 15 
3 17 
3 18 
3 5 
3 21 
3 23 
3 9 
3 10 
3 14 
3 15 
4 16 
4 17 
4 21 
4 22 
4 23 
4 14 
5 17 
5 6 
5 23 
5 10 
6 19 
6 20 
6 23 
6 10 
6 11 
6 12 
6 15 
7 19 
7 23 
7 9 
7 12 
7 15 
8 18 
8 12 
8 14 
9 19 
9 14 
10 17 
10 18 
10 20 
10 12 
10 15 
11 16 
11 12 
11 13 
12 16 
12 21 
12 22 
12 23 
13 16 
13 17 
13 18 
13 21 
14 17 
14 20 
14 22 
15 16 
15 18 
15 22 
16 17 
16 19 
16 21 
17 20 
18 20 
19 21 
19 23 
20 21 
21 22 
21 23 
22 23 
