1 16 
1 21 
1 7 
1 23 
1 26 
1 12 
1 29 
2 4 
2 21 
2 7 
2 25 
2 12 
2 29 
2 14 
3 21 
3 9 
3 10 
3 27 
3 15 
4 5 
4 23 
4 11 
4 28 
4 29 
5 19 
5 8 
5 10 
5 12 
5 29 
6 19 
6 23 
7 25 
7 27 
7 28 
7 13 
7 14 
7 15 
8 23 
8 10 
8 11 
8 27 
8 28 
8 15 
9 16 
9 18 
9 21 
9 26 
9 29 
10 20 
11 18 
11 28 
11 15 
12 16 
12 18 
12 22 
12 24 
12 13 
12 14 
13 17 
13 18 
13 24 
13 27 
13 29 
13 15 
14 23 
14 24 
14 25 
15 16 
15 17 
15 21 
15 22 
15 25 
15 26 
16 19 
17 18 
18 19 
18 21 
18 22 
18 23 
18 26 
19 28 
20 29 
21 23 
22 25 
22 28 
22 29 
23 24 
25 27 
27 29 
28 29 
