1 3 
1 28 
1 13 
2 32 
2 18 
2 34 
2 3 
2 22 
3 33 
3 20 
3 7 
3 26 
3 12 
3 28 
3 29 
3 31 
4 33 
4 19 
4 20 
4 7 
4 8 
4 9 
4 11 
4 27 
4 12 
5 32 
5 16 
5 34 
5 6 
5 7 
5 23 
5 9 
5 13 
5 30 
6 32 
6 22 
6 9 
6 10 
6 11 
6 28 
6 15 
7 34 
7 9 
7 11 
7 14 
7 15 
7 18 
7 19 
7 21 
7 22 
7 30 
8 9 
8 29 
8 15 
9 32 
9 33 
9 18 
9 35 
9 27 
9 28 
9 29 
10 33 
10 34 
10 14 
11 16 
11 19 
11 35 
11 23 
11 25 
11 26 
11 12 
12 26 
12 13 
12 29 
12 14 
13 35 
13 28 
13 30 
14 33 
14 21 
14 27 
14 28 
14 29 
14 30 
14 31 
15 16 
15 18 
15 29 
15 30 
16 17 
16 34 
16 35 
16 20 
16 22 
16 27 
16 28 
17 32 
17 33 
17 20 
17 30 
18 35 
18 19 
18 20 
18 25 
18 26 
18 27 
18 29 
19 21 
19 24 
19 25 
19 27 
20 22 
21 26 
22 34 
22 29 
23 29 
23 30 
23 31 
24 35 
24 27 
24 28 
26 28 
27 28 
28 33 
28 34 
28 35 
29 34 
31 32 
33 34 
33 35 
