1 17 
1 2 
1 18 
1 4 
1 21 
1 23 
1 8 
1 11 
1 12 
1 14 
1 15 
2 16 
2 19 
2 6 
2 8 
2 12 
3 18 
3 21 
3 22 
3 11 
3 12 
3 29 
4 17 
4 19 
4 5 
4 6 
4 8 
4 25 
4 10 
4 12 
4 29 
4 14 
4 15 
5 16 
5 18 
5 20 
5 21 
5 22 
5 12 
5 28 
5 13 
6 18 
6 20 
6 9 
6 10 
6 26 
6 11 
6 12 
6 29 
6 13 
6 15 
7 17 
7 18 
7 19 
7 20 
7 21 
7 22 
7 23 
7 24 
7 12 
7 29 
7 14 
8 16 
8 17 
8 19 
8 20 
8 22 
8 9 
8 10 
8 11 
8 14 
9 19 
9 21 
9 23 
9 26 
9 11 
9 27 
9 28 
10 16 
10 20 
10 21 
10 24 
10 25 
10 12 
11 19 
11 20 
11 23 
11 26 
11 27 
12 17 
12 28 
12 14 
12 15 
13 16 
13 17 
13 18 
13 21 
13 23 
13 26 
13 15 
14 16 
14 17 
14 20 
14 25 
15 16 
15 20 
15 22 
15 23 
15 24 
15 27 
16 20 
16 24 
16 25 
16 27 
17 19 
17 27 
18 19 
18 23 
18 28 
18 29 
19 22 
19 24 
19 27 
19 28 
20 22 
20 24 
20 25 
20 27 
21 23 
21 28 
22 24 
22 25 
22 27 
22 29 
23 28 
24 26 
24 27 
25 27 
25 28 
27 29 
