1 16 
1 2 
1 19 
1 3 
1 4 
1 23 
1 24 
1 26 
1 10 
1 12 
2 17 
2 5 
2 6 
2 10 
2 13 
2 14 
2 15 
3 17 
3 19 
3 20 
3 4 
3 5 
3 21 
3 22 
3 6 
4 16 
4 18 
4 23 
4 24 
4 25 
4 11 
4 15 
5 16 
5 18 
5 19 
5 21 
5 23 
5 8 
5 24 
5 9 
5 26 
5 14 
6 17 
6 23 
6 11 
7 17 
7 20 
7 8 
7 24 
7 25 
7 10 
7 12 
7 15 
8 20 
9 18 
9 20 
9 21 
9 22 
9 24 
10 17 
10 21 
10 23 
10 26 
10 13 
10 15 
11 17 
11 21 
11 22 
11 23 
11 26 
12 17 
12 18 
12 20 
12 21 
12 13 
13 18 
13 21 
13 22 
13 24 
13 15 
14 16 
14 18 
14 19 
14 22 
14 25 
15 16 
15 20 
15 22 
15 24 
15 25 
16 21 
16 23 
17 18 
17 20 
17 22 
17 24 
18 19 
18 22 
18 25 
19 20 
19 25 
20 23 
20 24 
20 25 
21 22 
21 26 
22 24 
23 26 
24 26 
25 26 
