1 22 
1 23 
1 7 
1 8 
1 9 
1 26 
1 13 
1 29 
2 17 
2 18 
2 19 
2 6 
2 7 
2 12 
2 14 
3 17 
3 19 
3 11 
3 27 
3 15 
4 17 
4 19 
4 21 
4 25 
4 10 
4 13 
5 22 
5 8 
5 26 
5 11 
5 12 
5 29 
5 13 
5 14 
6 18 
6 20 
6 22 
6 23 
6 13 
6 29 
6 15 
7 19 
7 21 
7 9 
7 26 
7 28 
7 29 
7 14 
8 9 
8 11 
8 13 
8 14 
8 15 
8 18 
8 20 
8 21 
8 24 
8 25 
8 26 
8 27 
9 17 
9 20 
9 21 
9 26 
9 27 
9 12 
9 15 
10 19 
10 23 
11 16 
11 18 
11 19 
11 28 
11 12 
11 29 
11 13 
12 17 
12 20 
12 22 
12 27 
12 28 
13 16 
13 24 
14 20 
14 21 
14 25 
14 26 
14 29 
14 15 
15 16 
15 17 
15 20 
15 22 
15 23 
15 26 
16 24 
16 27 
16 28 
17 19 
17 21 
17 24 
18 22 
18 26 
19 20 
19 21 
19 25 
19 26 
19 27 
20 22 
20 25 
21 29 
22 28 
23 25 
24 27 
24 28 
25 26 
26 29 
27 28 
27 29 
28 29 
