1 17 
1 18 
1 34 
1 23 
1 25 
1 9 
1 11 
1 28 
2 3 
2 8 
2 10 
2 28 
2 29 
3 16 
3 17 
3 19 
3 7 
3 24 
3 29 
3 13 
3 14 
3 30 
3 15 
4 17 
4 34 
4 19 
4 9 
4 26 
4 10 
4 11 
4 27 
4 28 
4 15 
5 16 
5 17 
5 22 
5 7 
5 25 
5 27 
5 14 
6 22 
6 8 
6 26 
6 11 
6 13 
6 14 
7 17 
7 34 
7 35 
7 19 
7 20 
7 26 
7 27 
7 15 
8 18 
8 23 
8 26 
8 29 
9 32 
9 33 
9 35 
9 19 
9 26 
9 12 
9 28 
9 13 
9 29 
9 15 
10 26 
10 12 
10 29 
10 13 
10 14 
10 15 
11 33 
11 18 
11 22 
11 23 
11 25 
11 27 
12 32 
12 17 
12 21 
12 13 
12 30 
14 33 
14 19 
14 24 
14 25 
14 26 
14 29 
14 31 
15 34 
15 21 
15 26 
16 21 
16 26 
16 27 
17 32 
17 22 
17 27 
17 31 
18 31 
19 22 
20 27 
20 31 
21 24 
21 26 
21 31 
22 33 
22 28 
23 34 
23 24 
23 29 
23 31 
24 34 
24 26 
25 32 
25 28 
26 28 
26 30 
27 32 
27 30 
28 34 
28 35 
29 34 
29 31 
30 32 
30 31 
32 33 
