1 20 
1 23 
1 24 
1 9 
1 11 
1 13 
1 15 
2 17 
2 3 
2 20 
2 24 
2 25 
2 26 
2 28 
3 17 
3 4 
3 9 
3 12 
3 13 
4 22 
4 6 
4 8 
4 25 
4 26 
4 13 
5 22 
5 15 
6 17 
6 21 
6 23 
6 9 
7 19 
7 10 
7 14 
8 22 
8 9 
8 15 
9 16 
9 18 
9 10 
9 29 
10 17 
10 28 
10 15 
11 16 
11 26 
11 12 
11 28 
11 14 
12 16 
12 17 
12 27 
13 16 
13 19 
13 20 
13 14 
13 15 
14 19 
14 28 
14 15 
15 16 
15 19 
15 24 
15 25 
15 26 
15 29 
16 18 
16 19 
16 25 
16 27 
17 25 
17 26 
17 27 
19 23 
21 22 
21 23 
23 27 
24 26 
25 27 
27 28 
