1 17 
1 19 
1 3 
1 4 
1 21 
1 8 
1 11 
2 17 
2 3 
2 20 
2 21 
2 6 
2 8 
2 10 
2 11 
2 12 
2 15 
3 17 
3 19 
3 4 
3 5 
3 21 
3 9 
3 10 
3 12 
3 13 
3 15 
4 17 
4 20 
4 8 
4 9 
4 12 
4 13 
4 14 
4 15 
5 22 
5 6 
5 11 
5 15 
6 22 
6 7 
6 23 
6 8 
6 9 
6 13 
7 16 
7 20 
7 23 
7 8 
7 12 
7 15 
8 17 
8 19 
8 22 
8 23 
8 12 
8 13 
9 18 
9 22 
9 11 
9 12 
9 14 
10 16 
10 17 
10 18 
10 21 
10 14 
10 15 
11 16 
11 17 
11 20 
11 22 
12 16 
12 19 
12 22 
12 15 
13 16 
13 19 
13 22 
14 16 
14 17 
14 21 
14 22 
14 23 
15 17 
15 18 
15 19 
15 22 
16 20 
16 21 
17 18 
17 19 
17 20 
17 21 
18 21 
18 22 
18 23 
19 20 
19 21 
20 22 
