1 16 
1 18 
1 2 
1 19 
1 20 
1 4 
1 9 
1 12 
2 19 
2 4 
2 5 
2 7 
2 8 
2 9 
2 11 
2 12 
2 14 
2 15 
3 16 
3 17 
3 18 
3 4 
3 6 
3 7 
3 8 
3 12 
3 13 
3 14 
4 16 
4 20 
4 7 
4 9 
4 11 
4 12 
4 13 
4 15 
5 19 
5 20 
5 9 
5 11 
5 12 
6 16 
6 17 
6 18 
6 19 
6 20 
6 8 
6 9 
6 10 
6 11 
7 17 
7 18 
7 14 
7 15 
8 17 
8 18 
8 19 
8 20 
8 9 
8 12 
8 13 
8 15 
9 11 
9 12 
9 13 
9 15 
9 17 
9 19 
9 20 
10 17 
10 19 
10 20 
10 12 
10 14 
10 15 
11 16 
11 17 
11 12 
11 13 
11 14 
12 16 
12 17 
12 18 
12 20 
13 16 
13 17 
13 18 
13 20 
14 16 
14 17 
14 18 
14 19 
15 16 
15 18 
15 20 
16 17 
16 18 
17 18 
18 19 
18 20 
