1 17 
1 18 
1 3 
1 20 
1 21 
1 6 
1 22 
1 7 
1 12 
1 15 
2 17 
2 18 
2 19 
2 3 
2 4 
2 20 
2 9 
2 11 
2 12 
2 14 
2 15 
3 17 
3 18 
3 19 
3 20 
3 8 
3 9 
3 10 
3 12 
3 13 
3 15 
4 5 
4 6 
4 8 
4 9 
4 11 
4 13 
4 16 
4 17 
4 18 
4 20 
4 21 
4 23 
5 16 
5 17 
5 19 
5 7 
5 8 
5 9 
5 10 
5 11 
5 12 
5 14 
6 17 
6 22 
6 23 
6 11 
6 12 
6 13 
6 15 
7 8 
7 10 
7 11 
7 12 
7 13 
7 15 
7 16 
7 17 
7 18 
7 19 
7 23 
8 9 
8 10 
8 12 
8 13 
8 14 
8 16 
8 19 
8 21 
8 22 
8 23 
9 16 
9 17 
9 22 
9 12 
9 13 
9 14 
10 17 
10 18 
10 22 
10 23 
10 11 
10 12 
10 13 
10 14 
11 12 
11 13 
11 16 
11 17 
11 18 
11 19 
11 22 
11 23 
12 14 
12 15 
12 16 
12 20 
12 22 
12 23 
13 14 
13 17 
13 18 
13 22 
13 23 
14 16 
14 21 
14 22 
15 18 
15 22 
15 23 
16 17 
16 21 
17 22 
18 19 
18 20 
18 21 
18 23 
20 21 
20 22 
22 23 
