1 20 
1 21 
1 22 
1 24 
1 25 
1 29 
1 13 
1 14 
2 16 
2 18 
2 7 
2 26 
2 29 
3 7 
3 23 
3 8 
3 9 
3 26 
3 12 
3 29 
3 15 
4 19 
4 20 
4 8 
4 12 
5 23 
5 11 
5 12 
5 15 
6 20 
6 8 
6 25 
6 27 
7 10 
7 28 
8 24 
8 28 
9 18 
9 19 
9 22 
9 26 
9 15 
10 23 
10 27 
10 28 
10 13 
10 29 
11 18 
11 21 
11 24 
11 26 
11 14 
12 13 
13 22 
13 26 
14 29 
15 18 
15 26 
16 18 
16 19 
16 20 
16 21 
16 28 
16 29 
17 27 
17 28 
18 20 
18 22 
18 28 
19 20 
19 24 
19 26 
19 27 
20 21 
21 22 
21 28 
21 29 
22 29 
23 24 
27 28 
