1 2 
1 21 
1 7 
1 10 
1 12 
1 29 
2 32 
2 19 
2 6 
2 8 
2 9 
2 10 
2 14 
2 31 
3 32 
3 19 
3 20 
3 21 
3 8 
3 24 
4 21 
4 22 
4 6 
4 23 
4 24 
4 9 
4 10 
4 26 
4 28 
4 30 
5 16 
5 18 
5 19 
5 6 
5 7 
5 9 
5 26 
5 11 
5 13 
5 29 
6 22 
6 23 
6 7 
6 10 
6 26 
6 13 
6 30 
6 15 
7 17 
7 18 
7 22 
7 8 
7 26 
7 27 
7 11 
7 29 
8 20 
8 9 
8 11 
8 28 
8 14 
8 31 
8 15 
9 17 
9 18 
9 11 
9 12 
9 13 
9 14 
9 31 
10 16 
10 11 
10 28 
10 12 
10 29 
10 15 
11 32 
11 17 
11 19 
11 20 
11 12 
11 28 
12 32 
12 14 
12 16 
12 17 
12 23 
12 25 
12 26 
12 27 
12 30 
13 16 
13 22 
13 26 
13 14 
13 15 
13 31 
14 32 
14 23 
14 24 
15 19 
15 20 
15 23 
15 24 
15 26 
15 30 
15 31 
17 19 
17 28 
17 30 
18 32 
18 23 
18 24 
18 27 
18 29 
18 30 
19 32 
19 22 
19 23 
19 27 
19 28 
19 30 
19 31 
20 22 
20 24 
20 25 
20 27 
20 28 
20 31 
21 32 
21 24 
21 26 
21 28 
21 30 
22 24 
22 26 
22 27 
22 28 
23 25 
23 30 
23 31 
24 28 
25 32 
25 28 
27 30 
28 30 
28 31 
29 30 
30 32 
31 32 
