1 32 
1 18 
1 6 
1 11 
1 29 
2 3 
2 19 
2 20 
2 25 
2 10 
2 26 
2 14 
3 17 
3 20 
3 21 
3 22 
3 8 
3 10 
3 26 
3 14 
3 31 
4 32 
4 18 
4 20 
4 24 
4 10 
4 27 
5 18 
5 21 
5 6 
5 23 
5 24 
5 9 
5 26 
5 27 
5 14 
5 31 
6 16 
6 18 
6 20 
6 21 
6 10 
6 26 
6 14 
7 16 
7 17 
7 19 
7 21 
7 8 
7 11 
7 27 
8 16 
8 32 
8 25 
8 9 
8 26 
8 11 
8 12 
8 14 
8 30 
9 10 
9 13 
9 14 
9 18 
9 20 
9 24 
9 25 
9 26 
9 27 
9 30 
9 31 
10 32 
10 26 
10 11 
10 27 
10 30 
11 18 
11 19 
11 27 
11 14 
11 31 
12 24 
12 25 
12 13 
12 29 
12 14 
12 15 
13 16 
13 20 
13 26 
14 32 
14 23 
14 24 
14 25 
14 26 
14 27 
15 16 
15 32 
15 27 
15 30 
15 31 
16 32 
16 21 
16 28 
16 30 
17 21 
17 24 
17 25 
18 23 
18 24 
18 30 
19 20 
19 22 
19 24 
19 26 
19 28 
20 21 
20 24 
20 29 
21 32 
21 25 
21 30 
22 26 
23 24 
23 26 
23 27 
23 28 
23 30 
24 25 
24 30 
25 32 
25 28 
26 28 
26 29 
26 30 
26 31 
27 32 
28 29 
29 31 
31 32 
