1 16 
1 17 
1 19 
1 3 
1 20 
1 22 
1 6 
1 23 
1 8 
1 10 
1 14 
2 16 
2 19 
2 4 
2 20 
2 5 
2 7 
2 23 
2 8 
2 9 
2 10 
2 11 
2 14 
3 16 
3 17 
3 20 
3 4 
3 6 
3 23 
3 7 
3 9 
3 10 
3 12 
3 14 
4 19 
4 20 
4 21 
4 5 
4 23 
4 15 
5 18 
5 19 
5 20 
5 7 
5 9 
5 10 
5 12 
5 13 
5 14 
5 15 
6 16 
6 18 
6 20 
6 22 
6 23 
6 8 
6 10 
6 11 
6 13 
7 8 
7 9 
7 11 
7 14 
7 15 
7 17 
7 18 
7 20 
7 21 
7 22 
7 23 
8 9 
8 13 
8 14 
8 15 
8 16 
8 17 
8 18 
8 20 
8 22 
9 17 
9 18 
9 22 
9 10 
9 11 
9 13 
9 14 
10 11 
10 12 
10 15 
10 16 
10 17 
10 18 
10 22 
11 13 
11 14 
11 15 
11 16 
11 17 
11 19 
11 20 
11 21 
11 22 
11 23 
12 16 
12 18 
12 20 
12 21 
12 22 
12 14 
13 16 
13 18 
13 19 
13 20 
13 21 
13 15 
14 15 
14 17 
14 19 
14 20 
14 22 
14 23 
15 16 
15 19 
15 20 
15 23 
16 18 
16 19 
16 20 
16 22 
17 19 
17 20 
17 21 
17 22 
17 23 
18 21 
18 23 
19 22 
19 23 
20 23 
21 22 
