1 32 
1 20 
1 24 
1 27 
1 13 
1 30 
1 14 
2 17 
2 5 
2 6 
2 23 
2 24 
2 25 
2 27 
2 29 
2 14 
2 30 
2 15 
3 32 
3 20 
3 6 
3 23 
3 24 
3 10 
3 29 
3 13 
3 15 
4 18 
4 20 
4 6 
4 24 
4 26 
4 12 
4 31 
5 16 
5 21 
5 6 
5 24 
5 31 
6 32 
6 20 
7 10 
7 27 
8 16 
8 23 
8 26 
8 10 
8 14 
9 18 
9 21 
9 24 
9 11 
9 12 
10 26 
10 27 
10 12 
11 32 
11 18 
11 12 
11 13 
11 14 
12 16 
12 17 
12 20 
12 23 
12 15 
12 31 
13 32 
13 21 
13 29 
14 32 
14 21 
14 25 
14 29 
15 20 
15 21 
15 22 
15 27 
15 28 
15 31 
16 32 
16 28 
17 18 
17 20 
18 28 
18 29 
19 21 
19 22 
19 25 
20 32 
20 25 
20 28 
20 30 
21 32 
21 28 
21 29 
22 26 
22 28 
22 30 
22 31 
23 25 
23 26 
23 27 
23 30 
24 30 
25 31 
26 27 
26 29 
27 30 
29 30 
