1 3 
1 21 
1 6 
1 24 
1 10 
1 12 
1 28 
1 13 
1 14 
1 15 
2 5 
2 6 
2 22 
2 7 
2 24 
2 10 
2 14 
3 18 
3 19 
3 4 
3 21 
3 8 
3 10 
3 11 
3 15 
4 6 
4 8 
4 9 
4 14 
4 16 
4 17 
4 20 
4 24 
4 25 
4 26 
4 27 
4 28 
5 16 
5 19 
5 20 
5 21 
5 23 
5 8 
5 25 
5 9 
5 30 
6 16 
6 18 
6 20 
6 24 
6 11 
6 13 
6 15 
7 17 
7 22 
7 25 
7 13 
7 29 
8 16 
8 18 
8 25 
8 29 
9 18 
9 21 
9 23 
9 24 
9 27 
9 11 
9 29 
9 30 
9 15 
10 25 
10 26 
11 18 
11 19 
11 20 
11 24 
11 25 
11 30 
12 18 
12 19 
12 21 
12 23 
12 25 
12 27 
12 28 
12 13 
12 29 
12 15 
13 18 
13 25 
13 14 
14 17 
14 18 
14 19 
14 29 
15 20 
15 24 
15 25 
15 27 
15 29 
15 30 
16 18 
17 18 
17 25 
17 26 
18 22 
18 24 
19 21 
19 24 
19 28 
19 29 
20 24 
20 27 
21 23 
21 24 
21 28 
21 30 
22 23 
22 24 
22 27 
22 28 
22 29 
23 27 
23 29 
24 26 
25 28 
26 28 
27 29 
27 30 
