1 16 
1 19 
1 4 
1 5 
1 8 
1 25 
1 10 
1 13 
2 19 
2 5 
2 23 
2 12 
2 15 
3 16 
3 17 
3 4 
3 23 
3 7 
3 24 
3 25 
3 11 
4 16 
4 18 
4 20 
4 21 
4 5 
4 7 
4 15 
5 18 
5 6 
5 8 
5 12 
5 13 
5 15 
6 16 
6 17 
6 8 
6 26 
6 10 
6 11 
6 15 
7 16 
7 17 
7 19 
7 21 
7 22 
7 9 
7 25 
7 10 
7 11 
8 16 
8 18 
8 22 
8 23 
8 11 
8 12 
8 14 
9 16 
9 18 
9 21 
9 23 
9 10 
9 11 
9 12 
10 23 
10 12 
10 15 
11 25 
11 12 
12 13 
12 15 
12 17 
12 19 
12 21 
12 22 
12 23 
13 19 
13 20 
13 25 
14 16 
14 17 
14 21 
14 22 
14 23 
14 25 
15 20 
15 21 
16 17 
16 22 
16 23 
16 25 
17 18 
17 20 
17 22 
17 24 
18 24 
18 25 
18 26 
19 20 
19 22 
19 23 
19 26 
20 21 
20 24 
20 25 
20 26 
21 25 
21 26 
22 23 
22 25 
