1 16 
1 17 
1 3 
1 21 
1 22 
1 8 
1 9 
1 27 
1 12 
1 29 
1 13 
1 15 
2 17 
2 18 
2 19 
2 6 
2 12 
2 28 
2 29 
2 14 
3 17 
3 20 
3 5 
3 24 
3 25 
3 13 
3 14 
3 15 
4 18 
4 5 
4 21 
4 23 
4 7 
4 24 
5 10 
5 26 
5 12 
6 19 
6 21 
6 7 
6 12 
6 13 
6 29 
7 22 
7 11 
7 28 
7 29 
7 14 
8 17 
8 20 
8 10 
8 27 
8 29 
8 15 
9 18 
9 14 
10 21 
11 20 
11 22 
11 13 
11 15 
12 18 
12 24 
12 25 
12 27 
12 29 
12 14 
13 16 
13 19 
13 29 
13 14 
14 16 
14 17 
14 23 
14 24 
14 28 
15 16 
15 18 
15 20 
15 21 
15 25 
15 26 
16 25 
17 20 
17 23 
17 28 
18 19 
18 20 
18 21 
18 24 
18 26 
18 28 
19 21 
19 24 
19 25 
20 22 
20 26 
21 26 
21 27 
22 24 
22 27 
22 28 
23 24 
23 25 
23 26 
23 28 
23 29 
24 29 
27 29 
28 29 
