1 4 
1 21 
1 5 
1 8 
1 10 
1 11 
2 19 
2 4 
2 20 
2 21 
2 22 
2 10 
3 18 
3 4 
3 11 
4 17 
4 18 
4 19 
4 22 
4 10 
4 11 
4 13 
4 14 
5 16 
5 19 
5 20 
5 8 
5 12 
6 17 
6 19 
6 20 
6 22 
6 7 
6 11 
6 13 
7 20 
7 23 
7 10 
7 11 
7 14 
8 16 
8 19 
8 20 
8 12 
8 13 
8 14 
9 23 
9 10 
9 11 
9 15 
10 19 
10 22 
10 11 
10 12 
10 15 
11 16 
11 13 
11 14 
11 15 
12 19 
12 20 
12 21 
12 15 
13 19 
13 20 
13 21 
13 14 
14 18 
14 19 
14 20 
14 21 
14 15 
15 16 
15 18 
15 19 
15 20 
15 21 
15 22 
16 17 
16 20 
16 23 
17 20 
17 21 
17 22 
18 20 
18 21 
18 23 
19 20 
19 21 
19 22 
