1 4 
1 6 
1 22 
1 8 
1 9 
1 11 
1 13 
2 16 
2 17 
2 18 
2 19 
2 4 
2 5 
2 6 
2 25 
2 10 
2 14 
3 16 
3 19 
3 20 
3 4 
3 21 
3 23 
3 7 
3 24 
3 9 
3 12 
3 15 
4 5 
4 8 
4 11 
4 12 
4 14 
4 16 
4 17 
4 18 
4 20 
4 21 
4 23 
5 6 
5 8 
5 10 
5 11 
5 12 
5 13 
5 15 
5 18 
5 19 
5 23 
5 24 
5 26 
6 16 
6 18 
6 19 
6 7 
6 8 
6 26 
6 12 
6 13 
7 16 
7 17 
7 19 
7 21 
7 22 
7 9 
7 13 
8 12 
8 13 
8 17 
8 20 
8 21 
8 22 
8 23 
8 24 
8 25 
8 26 
9 19 
9 22 
9 23 
9 24 
9 25 
9 26 
9 13 
10 20 
10 22 
10 23 
10 24 
10 14 
11 16 
11 18 
11 21 
11 22 
11 25 
11 26 
11 12 
12 18 
12 19 
12 22 
12 26 
12 13 
13 21 
13 25 
13 26 
13 15 
14 16 
14 17 
14 24 
15 19 
15 24 
15 26 
16 21 
16 23 
16 24 
17 19 
17 20 
17 21 
17 24 
18 22 
18 23 
20 21 
20 24 
20 25 
21 22 
21 26 
22 23 
22 24 
22 26 
23 26 
24 25 
24 26 
