1 16 
1 19 
1 20 
1 4 
1 7 
1 9 
1 10 
1 11 
1 12 
1 13 
1 14 
1 15 
2 3 
2 5 
2 6 
2 7 
2 8 
2 9 
2 10 
2 11 
2 12 
2 13 
2 14 
2 17 
2 18 
2 19 
2 20 
3 16 
3 17 
3 19 
3 4 
3 20 
3 5 
3 6 
3 7 
3 13 
3 14 
3 15 
4 16 
4 17 
4 19 
4 20 
4 11 
4 12 
4 14 
5 6 
5 7 
5 8 
5 9 
5 10 
5 11 
5 12 
5 13 
5 14 
5 16 
5 18 
5 20 
6 16 
6 20 
6 8 
6 9 
6 10 
6 11 
6 12 
6 15 
7 9 
7 10 
7 11 
7 12 
7 13 
7 15 
7 16 
7 17 
7 18 
8 16 
8 17 
8 18 
8 19 
8 20 
8 9 
8 10 
8 12 
8 15 
9 10 
9 11 
9 12 
9 14 
9 15 
9 16 
9 18 
9 19 
9 20 
10 11 
10 12 
10 13 
10 14 
10 15 
10 16 
10 17 
10 18 
10 19 
11 12 
11 13 
11 14 
11 15 
11 17 
11 18 
11 19 
12 14 
12 15 
12 17 
12 18 
12 19 
12 20 
13 16 
13 17 
13 20 
13 15 
14 15 
14 17 
14 18 
14 19 
14 20 
15 17 
15 19 
15 20 
16 19 
17 18 
17 19 
18 19 
