1 3 
1 6 
1 8 
1 12 
1 13 
1 14 
1 16 
1 18 
1 19 
1 21 
1 22 
1 23 
1 24 
1 25 
2 3 
2 4 
2 21 
2 22 
2 23 
2 8 
2 9 
2 15 
3 16 
3 17 
3 18 
3 20 
3 5 
3 23 
3 25 
3 9 
3 13 
3 15 
4 17 
4 18 
4 20 
4 23 
4 11 
4 12 
5 17 
5 18 
5 20 
5 21 
5 6 
5 7 
5 23 
5 24 
5 25 
5 11 
5 12 
6 16 
6 17 
6 18 
6 7 
6 24 
6 25 
6 10 
6 12 
6 15 
7 8 
7 11 
7 12 
7 13 
7 14 
7 15 
7 16 
7 17 
7 18 
7 23 
7 25 
8 16 
8 21 
8 24 
8 10 
8 12 
8 14 
9 16 
9 17 
9 20 
9 21 
9 22 
9 24 
9 10 
9 12 
9 13 
10 18 
10 19 
10 20 
10 24 
10 15 
11 17 
11 18 
11 21 
11 13 
11 14 
12 13 
12 15 
12 16 
12 18 
12 20 
12 23 
12 25 
13 14 
13 15 
13 16 
13 17 
13 22 
13 23 
13 25 
14 17 
15 16 
15 19 
15 20 
16 18 
16 19 
16 23 
17 19 
17 21 
17 22 
17 23 
18 23 
19 21 
19 23 
19 24 
20 22 
20 23 
20 24 
21 24 
22 25 
23 24 
24 25 
