1 16 
1 17 
1 2 
1 18 
1 3 
1 19 
1 20 
1 5 
1 6 
1 8 
1 10 
1 15 
2 3 
2 6 
2 8 
2 9 
2 10 
2 11 
2 12 
2 14 
2 15 
2 16 
2 17 
2 18 
2 20 
3 16 
3 19 
3 4 
3 6 
3 8 
3 11 
3 15 
4 20 
4 5 
4 8 
4 9 
4 11 
4 12 
4 14 
5 16 
5 8 
5 9 
5 10 
5 15 
6 16 
6 19 
6 9 
6 10 
6 11 
6 13 
6 14 
6 15 
7 16 
7 17 
7 18 
7 20 
7 8 
7 9 
7 10 
7 11 
7 12 
8 17 
8 19 
8 10 
8 11 
8 14 
9 16 
9 18 
9 19 
9 10 
9 14 
9 15 
10 16 
10 17 
10 19 
10 12 
10 13 
11 16 
11 18 
11 19 
11 12 
11 15 
12 16 
12 18 
12 20 
12 14 
12 15 
13 16 
13 18 
13 20 
13 14 
13 15 
14 19 
14 20 
15 16 
15 17 
15 18 
15 19 
16 17 
18 20 
