1 19 
1 4 
1 5 
1 22 
1 7 
1 9 
1 25 
1 11 
1 13 
2 17 
2 19 
2 3 
2 20 
2 24 
2 9 
2 26 
2 12 
2 13 
2 15 
3 4 
3 21 
3 6 
3 22 
3 7 
3 24 
3 9 
3 10 
3 11 
3 14 
4 17 
4 21 
4 5 
4 7 
4 24 
4 10 
4 12 
4 13 
4 15 
5 17 
5 18 
5 20 
5 6 
5 7 
5 25 
5 12 
5 14 
5 15 
6 16 
6 18 
6 19 
6 20 
6 21 
6 7 
6 23 
6 10 
6 11 
6 12 
7 8 
7 9 
7 11 
7 13 
7 14 
7 15 
7 16 
7 17 
7 18 
7 19 
7 23 
8 17 
8 21 
8 23 
8 24 
8 25 
8 11 
8 13 
9 16 
9 19 
9 21 
9 22 
9 24 
9 26 
9 10 
9 13 
10 12 
10 15 
10 16 
10 17 
10 18 
10 21 
10 23 
10 25 
10 26 
11 14 
11 15 
11 17 
11 19 
11 21 
11 23 
11 24 
11 25 
11 26 
12 17 
12 19 
12 20 
12 22 
12 25 
13 16 
13 17 
13 25 
13 14 
14 17 
14 20 
14 22 
14 23 
14 24 
15 18 
15 21 
15 23 
15 26 
16 18 
16 23 
16 24 
17 20 
17 22 
17 23 
17 25 
18 20 
18 22 
18 26 
19 20 
20 24 
21 23 
21 24 
21 25 
21 26 
22 23 
22 24 
22 25 
22 26 
23 24 
