1 3 
1 4 
1 5 
1 7 
1 8 
1 9 
1 10 
1 12 
1 13 
1 14 
1 17 
1 18 
1 19 
2 17 
2 18 
2 4 
2 20 
2 7 
2 10 
2 12 
2 13 
3 17 
3 18 
3 19 
3 4 
3 20 
3 9 
3 10 
3 11 
3 13 
3 14 
3 15 
4 16 
4 18 
4 19 
4 7 
4 8 
4 11 
4 12 
4 13 
4 15 
5 17 
5 18 
5 20 
5 8 
5 11 
5 12 
5 13 
5 14 
6 18 
6 19 
6 20 
6 7 
6 8 
6 9 
6 10 
6 11 
6 12 
6 13 
6 15 
7 8 
7 9 
7 12 
7 13 
7 14 
7 15 
7 16 
7 17 
7 19 
8 9 
8 11 
8 12 
8 13 
8 15 
8 16 
8 18 
8 20 
9 10 
9 11 
9 13 
9 14 
9 15 
9 16 
9 17 
9 19 
9 20 
10 16 
10 19 
10 20 
10 11 
10 12 
10 14 
10 15 
11 13 
11 14 
11 15 
11 16 
11 17 
11 18 
11 19 
12 13 
12 14 
12 15 
12 16 
12 18 
12 19 
12 20 
13 14 
13 15 
13 16 
13 17 
13 18 
13 19 
14 15 
14 17 
14 18 
14 19 
14 20 
15 16 
15 18 
15 19 
15 20 
16 17 
16 18 
16 20 
17 18 
17 19 
18 19 
18 20 
19 20 
