1 18 
1 4 
1 22 
1 6 
2 32 
2 21 
2 5 
2 8 
2 26 
2 12 
3 17 
3 19 
3 5 
3 21 
3 6 
3 23 
3 9 
3 10 
3 26 
3 30 
3 31 
4 6 
4 7 
4 14 
5 6 
5 10 
5 13 
5 31 
6 32 
6 30 
7 21 
7 22 
8 16 
8 10 
8 12 
8 29 
9 22 
9 25 
9 26 
9 15 
10 16 
10 24 
10 27 
11 18 
11 21 
11 27 
12 16 
12 19 
12 21 
12 13 
12 15 
12 31 
13 17 
13 25 
14 18 
14 24 
14 26 
14 27 
15 21 
15 23 
16 32 
16 23 
16 30 
17 22 
17 26 
17 31 
19 23 
19 24 
19 28 
20 28 
20 29 
20 30 
22 32 
25 28 
26 32 
26 28 
26 29 
26 31 
27 30 
29 32 
