1 17 
1 3 
1 4 
1 20 
1 7 
1 24 
1 27 
1 12 
2 32 
2 3 
2 19 
2 21 
2 23 
2 7 
2 24 
2 11 
2 12 
2 30 
2 14 
3 18 
3 4 
3 6 
3 23 
3 24 
3 9 
3 11 
3 15 
3 31 
4 32 
4 18 
4 5 
4 22 
4 9 
4 26 
4 27 
4 28 
4 30 
4 31 
5 20 
5 8 
5 25 
5 11 
5 29 
5 13 
5 15 
6 7 
6 23 
6 24 
6 8 
6 25 
6 11 
6 27 
6 14 
7 16 
7 28 
7 29 
7 30 
7 31 
8 17 
8 23 
8 24 
8 25 
8 27 
8 12 
8 13 
8 29 
8 30 
8 14 
9 16 
9 32 
9 22 
9 27 
9 12 
9 29 
9 14 
10 16 
10 18 
10 21 
10 23 
10 26 
10 27 
10 29 
10 30 
10 14 
10 15 
11 32 
11 23 
11 28 
11 12 
11 13 
11 31 
12 23 
12 26 
12 27 
12 30 
12 14 
12 31 
13 22 
13 25 
14 32 
14 20 
14 26 
14 27 
14 15 
15 17 
15 19 
15 29 
15 30 
16 21 
16 22 
16 26 
16 30 
17 32 
17 18 
17 19 
17 21 
17 22 
17 25 
17 30 
17 31 
18 32 
18 20 
18 22 
18 29 
18 31 
19 21 
19 25 
19 27 
19 28 
19 29 
20 23 
20 27 
21 28 
22 32 
22 27 
22 30 
23 26 
23 27 
24 25 
24 29 
24 31 
25 27 
25 29 
26 29 
28 32 
28 31 
29 32 
30 32 
30 31 
31 32 
