1 16 
1 18 
1 3 
1 19 
1 21 
1 5 
1 10 
1 12 
1 13 
1 14 
1 15 
2 3 
2 5 
2 6 
2 8 
2 12 
2 13 
2 14 
2 15 
2 16 
2 17 
2 18 
2 19 
2 21 
3 4 
3 5 
3 6 
3 7 
3 9 
3 11 
3 12 
3 13 
3 14 
3 16 
3 17 
3 20 
3 21 
3 22 
3 23 
4 5 
4 6 
4 8 
4 9 
4 11 
4 12 
4 13 
4 15 
4 19 
4 21 
4 22 
4 23 
5 7 
5 9 
5 10 
5 13 
5 16 
5 19 
5 20 
5 21 
5 22 
6 7 
6 8 
6 10 
6 11 
6 15 
6 16 
6 17 
6 18 
6 21 
6 23 
7 9 
7 10 
7 12 
7 13 
7 14 
7 15 
7 17 
7 21 
7 22 
7 23 
8 9 
8 11 
8 13 
8 17 
8 18 
8 19 
8 20 
8 21 
8 22 
8 23 
9 10 
9 11 
9 14 
9 15 
9 16 
9 17 
9 18 
9 20 
9 22 
10 17 
10 19 
10 20 
10 22 
10 23 
10 11 
10 12 
11 13 
11 15 
11 17 
11 19 
11 20 
11 21 
11 22 
12 16 
12 19 
12 23 
12 13 
12 14 
12 15 
13 16 
13 17 
13 18 
13 19 
13 23 
14 16 
14 18 
14 20 
14 22 
14 23 
14 15 
15 16 
15 18 
15 22 
16 17 
16 18 
16 19 
16 20 
16 21 
16 22 
17 19 
17 20 
17 23 
18 20 
18 21 
19 22 
20 22 
20 23 
21 22 
21 23 
22 23 
