1 16 
1 17 
1 19 
1 22 
1 23 
1 26 
1 12 
2 4 
2 6 
2 23 
2 10 
2 14 
3 4 
3 6 
3 23 
3 12 
4 16 
4 20 
4 9 
4 13 
5 10 
5 26 
6 19 
6 22 
6 8 
6 25 
6 9 
6 11 
6 14 
7 17 
7 21 
7 23 
7 24 
7 11 
7 12 
7 14 
8 16 
8 17 
8 19 
8 20 
8 22 
8 25 
9 18 
9 23 
9 25 
9 11 
9 13 
10 20 
10 21 
10 24 
10 11 
11 21 
11 22 
12 20 
12 22 
12 24 
12 25 
12 26 
12 15 
13 18 
13 21 
13 22 
13 15 
14 19 
14 20 
14 21 
14 26 
15 16 
15 20 
15 21 
15 23 
16 17 
16 21 
16 24 
16 25 
17 24 
17 25 
17 26 
18 20 
18 23 
18 25 
18 26 
19 23 
19 24 
19 26 
20 21 
20 23 
20 24 
21 24 
21 25 
