1 17 
1 18 
1 19 
1 4 
1 23 
1 8 
1 9 
1 13 
1 15 
2 18 
2 19 
2 3 
2 20 
2 6 
2 7 
2 13 
2 14 
3 17 
3 19 
3 20 
3 21 
3 6 
3 10 
3 13 
3 15 
4 16 
4 23 
4 7 
4 9 
4 10 
4 12 
4 13 
4 14 
4 15 
5 16 
5 20 
5 21 
5 23 
5 11 
5 13 
5 14 
6 17 
6 18 
6 19 
6 21 
6 23 
6 7 
6 8 
6 11 
6 12 
7 8 
7 9 
7 10 
7 11 
7 14 
7 15 
7 18 
7 20 
7 21 
7 22 
7 23 
8 16 
8 18 
8 19 
8 11 
8 14 
8 15 
9 17 
9 18 
9 19 
9 10 
9 11 
9 12 
9 13 
9 14 
9 15 
10 18 
10 19 
10 20 
10 22 
10 23 
10 13 
11 21 
11 22 
12 16 
12 18 
12 19 
12 22 
12 23 
12 13 
12 14 
12 15 
13 14 
13 15 
13 18 
13 21 
13 23 
14 17 
14 21 
14 22 
14 15 
15 16 
15 18 
15 20 
15 23 
16 17 
16 18 
16 21 
16 23 
17 19 
17 20 
17 23 
18 19 
18 20 
18 21 
18 22 
18 23 
19 20 
20 21 
21 23 
