1 2 
1 3 
1 19 
1 4 
1 5 
1 22 
1 7 
1 24 
1 10 
1 26 
1 14 
2 4 
2 5 
2 7 
2 8 
2 10 
2 12 
2 13 
2 14 
2 21 
2 23 
2 24 
2 25 
3 20 
3 21 
3 7 
3 9 
3 10 
3 26 
3 11 
3 12 
3 13 
3 14 
4 6 
4 7 
4 8 
4 9 
4 10 
4 13 
4 15 
4 17 
4 19 
4 21 
4 22 
4 23 
4 24 
5 18 
5 23 
5 7 
5 9 
5 26 
5 11 
5 12 
5 14 
5 15 
6 8 
6 10 
6 11 
6 12 
6 13 
6 15 
6 16 
6 18 
6 19 
6 21 
6 24 
6 25 
7 20 
7 22 
7 23 
7 9 
7 25 
7 26 
8 10 
8 12 
8 14 
8 15 
8 16 
8 18 
8 20 
8 21 
8 24 
8 26 
9 18 
9 20 
9 22 
9 23 
9 25 
9 26 
9 14 
10 18 
10 19 
10 22 
10 23 
10 25 
10 14 
11 17 
11 18 
11 19 
11 20 
11 22 
11 14 
12 16 
12 20 
12 23 
12 14 
12 15 
13 16 
13 17 
13 22 
13 24 
13 14 
14 16 
14 17 
14 18 
14 19 
14 22 
14 24 
14 26 
15 17 
15 18 
15 19 
15 22 
15 23 
15 24 
15 26 
16 20 
16 22 
16 23 
17 20 
17 21 
17 24 
18 19 
18 20 
18 21 
18 24 
18 25 
18 26 
19 21 
19 23 
19 25 
20 21 
20 23 
20 26 
21 22 
21 23 
22 24 
23 25 
23 26 
24 26 
