1 2 
1 21 
1 10 
2 4 
2 6 
2 24 
2 12 
2 14 
2 15 
3 4 
3 24 
3 26 
3 27 
3 30 
4 16 
4 17 
4 18 
4 20 
4 21 
4 6 
4 22 
4 25 
4 15 
5 7 
5 27 
5 29 
6 18 
6 21 
6 23 
6 7 
6 8 
6 25 
6 9 
6 27 
6 29 
7 25 
7 28 
7 12 
8 20 
8 22 
8 23 
8 11 
8 12 
8 30 
8 14 
9 16 
9 20 
9 15 
10 22 
10 14 
10 30 
11 17 
11 19 
11 26 
11 13 
11 14 
11 15 
12 16 
12 20 
13 19 
13 21 
13 25 
13 26 
14 20 
14 23 
14 25 
14 28 
15 23 
15 25 
15 27 
15 29 
16 25 
16 26 
17 23 
17 30 
18 19 
19 23 
19 29 
20 28 
21 23 
21 25 
22 30 
23 25 
23 28 
24 25 
25 26 
25 27 
26 30 
27 29 
29 30 
