1 2 
1 3 
1 5 
1 24 
1 12 
1 28 
2 17 
2 19 
2 3 
2 23 
2 8 
2 9 
2 11 
2 28 
3 21 
3 8 
3 9 
3 10 
3 30 
4 22 
4 13 
5 21 
5 23 
5 10 
5 13 
5 14 
6 21 
6 8 
6 9 
6 25 
7 20 
7 21 
7 22 
7 10 
7 26 
7 28 
7 14 
8 19 
8 24 
8 9 
8 25 
8 10 
8 27 
8 13 
8 14 
9 19 
9 30 
9 14 
10 20 
10 27 
11 26 
12 17 
12 20 
12 22 
12 26 
12 13 
12 29 
12 30 
13 16 
13 22 
13 25 
13 30 
14 23 
15 17 
15 19 
15 21 
15 23 
15 24 
15 28 
16 22 
16 25 
16 28 
17 23 
17 27 
17 29 
18 21 
19 21 
19 27 
20 23 
21 23 
21 25 
21 29 
21 30 
22 27 
22 30 
24 29 
24 30 
25 29 
27 28 
28 29 
