1 4 
1 5 
1 22 
1 23 
1 7 
1 8 
1 24 
1 25 
1 26 
1 11 
2 16 
2 17 
2 18 
2 20 
2 4 
2 8 
2 13 
2 15 
3 16 
3 17 
3 22 
3 8 
3 24 
3 13 
4 17 
4 18 
4 21 
4 6 
4 23 
4 25 
5 16 
5 17 
5 19 
5 21 
5 9 
5 12 
6 17 
6 20 
6 22 
6 25 
6 26 
6 10 
6 13 
6 14 
7 18 
7 19 
7 22 
7 25 
7 10 
7 26 
7 11 
7 13 
7 14 
7 15 
8 16 
8 18 
8 23 
8 24 
8 25 
8 10 
8 12 
9 19 
9 23 
9 26 
9 12 
10 17 
10 21 
10 22 
10 24 
10 25 
10 11 
10 12 
11 17 
11 18 
11 24 
11 12 
11 13 
11 14 
12 23 
13 22 
13 25 
13 15 
14 18 
14 20 
14 23 
14 15 
15 17 
15 20 
15 21 
15 22 
15 23 
16 21 
16 23 
17 20 
17 22 
17 25 
18 20 
18 23 
18 25 
18 26 
20 21 
20 24 
20 25 
20 26 
21 22 
21 23 
21 26 
22 23 
22 24 
23 25 
