1 19 
1 20 
1 4 
1 23 
1 24 
1 9 
1 25 
1 26 
1 12 
1 13 
2 3 
2 19 
2 20 
2 21 
2 22 
2 7 
2 25 
2 28 
2 29 
2 15 
3 16 
3 18 
3 19 
3 7 
3 8 
3 26 
3 14 
4 16 
4 19 
4 21 
4 22 
4 6 
4 7 
4 9 
4 26 
4 10 
4 11 
4 14 
5 16 
5 6 
5 24 
5 9 
5 29 
6 16 
6 17 
6 19 
6 25 
6 10 
6 14 
6 15 
7 19 
7 20 
7 22 
7 11 
7 12 
7 30 
8 21 
8 22 
8 23 
8 24 
8 25 
8 26 
8 29 
8 13 
8 14 
9 18 
9 22 
9 11 
9 28 
9 29 
9 30 
10 17 
10 18 
10 21 
10 27 
10 15 
11 24 
11 30 
12 16 
12 18 
12 19 
12 23 
12 25 
12 13 
12 29 
13 16 
13 18 
13 26 
13 30 
13 15 
14 16 
14 17 
14 18 
14 20 
14 26 
14 28 
14 29 
15 19 
15 20 
15 24 
15 25 
15 28 
15 29 
15 30 
16 17 
16 19 
16 25 
16 30 
17 23 
17 26 
17 28 
18 23 
18 26 
18 27 
19 25 
19 28 
19 29 
19 30 
20 23 
20 27 
21 24 
21 29 
22 23 
22 24 
22 30 
24 26 
24 29 
25 27 
27 29 
29 30 
