1 16 
1 18 
1 20 
1 4 
1 8 
1 9 
1 10 
1 12 
1 13 
1 14 
2 16 
2 18 
2 3 
2 20 
2 4 
2 5 
2 6 
2 14 
3 4 
3 5 
3 6 
3 7 
3 8 
3 9 
3 11 
3 12 
3 15 
3 16 
3 17 
3 18 
3 19 
3 20 
4 5 
4 6 
4 7 
4 8 
4 9 
4 14 
4 15 
4 16 
4 18 
4 20 
5 18 
5 8 
5 9 
5 10 
5 12 
5 14 
6 16 
6 17 
6 7 
6 9 
6 11 
7 8 
7 10 
7 11 
7 12 
7 13 
7 14 
7 15 
7 18 
7 19 
7 20 
8 16 
8 17 
8 18 
8 19 
8 12 
8 13 
8 14 
9 16 
9 20 
9 12 
10 17 
10 18 
10 19 
10 12 
10 15 
11 16 
11 19 
11 20 
11 13 
11 14 
11 15 
12 18 
12 19 
12 13 
12 14 
13 16 
13 17 
14 18 
14 19 
14 20 
15 16 
15 17 
15 20 
16 20 
17 19 
17 20 
18 19 
