1 17 
1 19 
1 3 
1 20 
1 22 
1 6 
1 23 
1 8 
1 11 
1 13 
1 14 
2 18 
2 19 
2 4 
2 20 
2 21 
2 9 
2 10 
2 12 
2 14 
2 15 
3 17 
3 20 
3 21 
3 8 
3 9 
3 11 
3 12 
3 13 
3 14 
3 15 
4 17 
4 6 
4 8 
4 11 
4 12 
5 19 
5 20 
5 8 
5 9 
5 10 
5 13 
6 17 
6 20 
6 7 
6 9 
6 10 
6 12 
6 14 
7 17 
7 18 
7 19 
7 22 
7 23 
7 9 
7 10 
7 12 
7 14 
8 9 
8 10 
8 13 
8 14 
8 15 
8 16 
8 18 
8 19 
8 22 
9 16 
9 21 
9 10 
9 12 
9 13 
10 16 
10 18 
10 23 
10 12 
10 13 
11 17 
11 18 
11 19 
11 22 
11 12 
11 13 
12 16 
12 17 
12 20 
12 21 
12 23 
13 16 
13 20 
13 22 
13 23 
14 18 
14 19 
15 19 
15 20 
15 21 
15 23 
16 17 
16 18 
16 19 
16 20 
16 21 
17 22 
18 23 
19 21 
19 22 
19 23 
20 21 
21 22 
