1 19 
1 4 
1 22 
1 6 
1 23 
1 8 
1 9 
1 26 
1 10 
1 12 
2 4 
2 21 
2 6 
2 8 
2 25 
2 26 
2 10 
2 11 
2 28 
2 29 
2 15 
3 16 
3 18 
3 4 
3 7 
3 24 
3 25 
3 26 
3 28 
3 12 
3 29 
3 13 
3 14 
4 16 
4 18 
4 19 
4 23 
4 24 
4 10 
4 26 
4 29 
4 14 
5 22 
5 23 
5 24 
5 27 
6 23 
6 9 
7 16 
7 18 
7 19 
7 20 
7 23 
7 8 
7 24 
7 13 
8 20 
8 25 
8 15 
9 22 
9 23 
9 10 
9 11 
9 27 
9 15 
10 17 
10 18 
10 20 
10 21 
10 12 
11 21 
11 27 
11 14 
12 28 
12 15 
13 18 
13 21 
13 28 
14 16 
14 17 
14 20 
14 22 
14 27 
15 24 
15 25 
15 26 
15 27 
16 23 
17 19 
17 22 
17 23 
17 24 
17 25 
17 28 
18 19 
18 21 
18 22 
18 23 
18 24 
19 25 
19 26 
21 25 
22 24 
22 25 
22 29 
23 25 
24 26 
24 29 
25 28 
26 27 
