1 19 
1 9 
1 10 
1 12 
2 32 
2 4 
2 20 
2 21 
2 22 
2 6 
2 23 
2 10 
2 27 
2 14 
2 31 
3 32 
3 33 
3 6 
3 7 
3 8 
3 11 
3 12 
3 13 
3 14 
3 19 
3 20 
3 24 
3 26 
3 27 
3 30 
4 17 
4 5 
4 6 
4 7 
4 27 
4 13 
4 15 
5 17 
5 18 
5 7 
5 11 
6 16 
6 20 
6 22 
6 23 
6 9 
6 29 
7 32 
7 19 
7 24 
7 9 
7 29 
7 14 
8 18 
8 19 
8 20 
8 21 
8 25 
8 14 
9 33 
9 22 
9 26 
10 32 
10 19 
10 24 
10 25 
10 28 
10 14 
10 30 
11 33 
11 18 
11 19 
11 20 
11 29 
11 31 
12 16 
12 33 
12 34 
12 20 
12 23 
12 30 
12 31 
12 15 
13 33 
13 18 
13 26 
13 28 
13 15 
14 26 
14 27 
14 28 
14 29 
14 31 
15 17 
15 26 
15 27 
15 29 
16 20 
16 24 
16 28 
17 32 
17 19 
17 24 
17 29 
18 27 
18 28 
19 35 
19 20 
19 21 
19 22 
19 23 
20 33 
20 35 
20 22 
20 24 
20 25 
20 28 
21 35 
21 26 
21 30 
22 34 
22 35 
22 29 
22 30 
23 32 
23 29 
23 30 
24 34 
24 25 
24 26 
24 31 
25 28 
26 32 
26 28 
26 31 
27 33 
27 34 
27 35 
27 28 
27 31 
28 33 
28 30 
29 34 
29 35 
30 32 
30 34 
31 32 
31 34 
31 35 
33 34 
