1 2 
1 18 
1 20 
1 4 
1 10 
1 14 
2 4 
2 5 
2 21 
2 6 
2 22 
2 9 
2 26 
2 27 
2 30 
3 32 
3 18 
3 19 
3 6 
3 27 
3 28 
3 13 
3 30 
3 31 
4 19 
4 14 
5 23 
5 24 
5 11 
5 12 
5 14 
5 30 
6 7 
6 23 
6 9 
6 12 
6 13 
6 15 
7 17 
7 24 
7 14 
7 15 
8 14 
8 30 
9 19 
9 22 
9 26 
9 27 
9 12 
10 22 
10 23 
10 13 
10 31 
11 17 
11 18 
11 25 
11 14 
12 16 
12 32 
12 28 
12 30 
13 32 
13 20 
13 23 
13 24 
13 25 
13 30 
14 20 
14 22 
14 25 
15 23 
15 25 
16 17 
16 25 
16 28 
16 30 
17 21 
18 22 
18 24 
18 29 
19 24 
19 28 
19 29 
20 25 
20 31 
21 23 
21 26 
21 28 
21 30 
23 32 
23 26 
23 31 
24 26 
24 27 
24 28 
24 29 
24 31 
25 26 
28 32 
28 30 
