1 17 
1 19 
1 4 
1 6 
1 11 
1 13 
1 14 
1 15 
2 19 
2 3 
2 4 
2 7 
3 5 
3 6 
3 8 
3 10 
3 11 
3 13 
3 14 
3 15 
3 16 
3 17 
3 18 
3 20 
4 16 
4 18 
4 20 
4 5 
4 6 
4 10 
4 15 
5 16 
5 20 
5 6 
5 9 
5 11 
5 14 
6 7 
6 8 
6 10 
6 11 
6 12 
6 13 
6 14 
6 18 
6 19 
6 20 
7 17 
7 19 
7 11 
7 12 
7 14 
7 15 
8 16 
8 17 
8 18 
8 9 
8 11 
8 15 
9 17 
9 12 
9 14 
10 16 
10 17 
10 20 
10 11 
10 14 
11 17 
11 18 
11 19 
11 13 
11 14 
12 16 
12 17 
12 18 
12 19 
12 20 
12 14 
12 15 
13 20 
13 15 
14 17 
14 19 
14 15 
15 17 
15 18 
16 17 
16 18 
17 18 
17 19 
