1 34 
1 35 
1 5 
1 8 
1 10 
1 12 
2 32 
2 19 
2 35 
2 4 
2 12 
2 29 
3 32 
3 35 
3 4 
3 22 
3 24 
3 27 
3 13 
3 29 
4 19 
4 20 
4 5 
4 9 
4 10 
4 14 
5 32 
5 33 
5 35 
5 7 
5 10 
5 13 
5 14 
5 16 
5 19 
5 22 
5 25 
5 30 
6 32 
6 16 
6 21 
6 22 
6 7 
6 9 
6 12 
6 29 
6 13 
7 32 
7 33 
7 19 
7 8 
7 26 
7 28 
8 16 
8 34 
8 21 
8 25 
8 15 
9 17 
9 24 
9 30 
9 31 
10 17 
10 34 
10 21 
10 24 
10 25 
10 27 
10 28 
10 30 
11 17 
11 35 
11 25 
11 13 
11 15 
12 17 
12 18 
12 20 
12 23 
12 25 
13 23 
13 24 
13 25 
13 27 
13 31 
14 17 
14 35 
14 20 
14 26 
14 29 
15 17 
15 18 
15 35 
15 23 
15 28 
16 18 
16 19 
16 20 
16 29 
16 31 
17 18 
17 34 
17 22 
17 24 
18 19 
18 20 
18 21 
18 31 
19 34 
19 24 
19 25 
20 23 
20 24 
20 27 
21 35 
21 22 
21 25 
21 29 
21 31 
22 34 
22 23 
22 24 
22 25 
22 28 
22 31 
23 26 
23 28 
23 31 
24 30 
24 31 
25 32 
25 35 
25 26 
25 27 
25 31 
26 33 
26 29 
27 32 
27 30 
27 31 
28 32 
28 30 
29 33 
29 30 
31 32 
31 33 
31 34 
31 35 
32 33 
32 35 
