1 32 
1 17 
1 18 
1 3 
1 23 
1 7 
1 24 
1 26 
2 17 
2 10 
2 13 
2 30 
3 16 
3 17 
3 4 
3 21 
3 22 
3 23 
3 27 
3 13 
3 14 
3 30 
4 6 
4 7 
4 23 
4 9 
4 26 
4 10 
4 28 
4 31 
5 17 
5 19 
5 6 
5 22 
5 23 
5 11 
6 32 
6 7 
6 9 
6 11 
6 28 
6 13 
7 18 
7 20 
7 22 
7 8 
7 24 
7 28 
7 29 
7 14 
8 16 
8 17 
8 18 
8 21 
8 22 
8 9 
8 28 
8 31 
9 30 
10 32 
10 23 
10 27 
10 11 
10 13 
10 14 
11 19 
11 20 
11 23 
11 30 
12 16 
12 17 
12 26 
12 28 
12 29 
12 14 
12 31 
13 24 
13 28 
13 31 
14 21 
14 22 
14 23 
14 26 
15 22 
15 29 
15 30 
15 31 
16 32 
16 17 
16 20 
16 24 
16 25 
16 27 
16 29 
17 26 
17 28 
17 30 
17 31 
18 23 
18 26 
18 31 
19 20 
19 21 
19 25 
20 25 
20 29 
21 22 
21 24 
21 31 
22 23 
22 25 
22 26 
22 28 
22 31 
23 29 
23 30 
24 26 
24 29 
24 31 
25 27 
25 30 
26 32 
26 28 
26 30 
27 32 
27 31 
28 30 
29 31 
30 32 
30 31 
