1 16 
1 32 
1 17 
1 3 
1 4 
1 29 
1 31 
2 32 
2 18 
2 19 
2 20 
2 21 
2 6 
2 25 
2 11 
2 28 
2 13 
2 31 
3 32 
3 5 
3 21 
3 6 
3 8 
3 9 
3 26 
3 10 
3 29 
4 19 
4 20 
4 23 
4 25 
4 27 
4 11 
4 12 
4 30 
5 18 
5 21 
5 22 
5 7 
5 8 
5 9 
5 27 
5 14 
6 20 
6 8 
6 9 
6 10 
6 27 
6 31 
7 11 
7 28 
7 30 
8 32 
8 25 
8 27 
8 12 
8 29 
8 14 
9 20 
10 16 
10 18 
10 24 
11 32 
11 22 
11 24 
11 28 
11 31 
12 20 
12 23 
12 25 
13 16 
13 17 
13 18 
13 19 
13 20 
13 26 
13 14 
14 16 
14 22 
14 24 
14 15 
15 17 
15 19 
15 26 
15 30 
16 26 
16 28 
16 30 
17 21 
17 22 
17 24 
17 25 
17 30 
17 31 
18 19 
18 22 
18 24 
18 31 
19 24 
19 25 
19 31 
20 25 
21 32 
21 23 
21 24 
21 25 
21 27 
22 32 
22 24 
23 28 
23 29 
24 32 
24 29 
25 26 
26 27 
26 30 
27 29 
28 32 
28 31 
30 31 
