1 2 
1 19 
1 4 
1 5 
1 23 
1 25 
1 11 
1 28 
2 17 
2 6 
2 26 
2 12 
2 28 
3 16 
3 23 
3 7 
3 8 
3 24 
3 11 
3 12 
3 30 
4 16 
4 6 
4 25 
4 12 
5 17 
5 25 
5 14 
5 15 
6 14 
6 15 
7 18 
7 23 
7 25 
7 26 
7 10 
7 12 
7 15 
8 9 
8 27 
8 14 
9 19 
9 22 
9 23 
9 30 
10 17 
10 18 
10 19 
10 27 
10 28 
10 14 
11 16 
11 21 
11 22 
11 27 
11 12 
12 16 
12 21 
12 23 
12 28 
12 29 
13 18 
13 21 
13 26 
13 30 
14 20 
14 22 
14 23 
14 25 
14 27 
14 29 
15 18 
15 19 
15 22 
15 23 
15 25 
15 27 
16 22 
16 23 
17 18 
17 20 
17 24 
17 25 
17 26 
18 20 
18 23 
18 24 
18 29 
19 21 
19 22 
19 27 
20 29 
20 30 
21 22 
21 23 
21 25 
21 29 
21 30 
22 26 
22 27 
22 30 
23 30 
24 28 
24 29 
25 27 
26 27 
26 29 
27 28 
28 29 
28 30 
