1 2 
1 19 
1 4 
1 21 
1 22 
1 7 
1 24 
1 14 
1 15 
2 3 
2 5 
2 6 
2 8 
2 10 
2 11 
2 12 
2 13 
2 15 
2 16 
2 18 
2 29 
3 4 
3 7 
3 24 
3 25 
3 9 
3 26 
3 11 
3 13 
4 19 
4 5 
4 21 
4 22 
4 25 
4 9 
4 10 
4 11 
4 27 
4 29 
5 20 
5 7 
5 9 
5 27 
5 12 
5 13 
6 16 
6 18 
6 23 
6 24 
6 9 
6 10 
6 11 
6 12 
6 13 
7 16 
7 18 
7 20 
7 9 
7 25 
7 10 
7 27 
7 28 
7 12 
8 16 
8 21 
8 22 
8 28 
8 13 
8 15 
9 13 
9 14 
9 15 
9 16 
9 17 
9 18 
9 19 
9 22 
9 27 
9 28 
10 20 
10 24 
10 27 
10 13 
10 14 
11 14 
11 15 
11 17 
11 19 
11 23 
11 24 
11 25 
11 26 
11 27 
12 13 
12 14 
12 15 
12 16 
12 17 
12 19 
12 20 
12 22 
12 24 
13 25 
13 26 
13 28 
13 14 
14 19 
14 20 
14 15 
15 18 
15 21 
15 22 
15 27 
16 17 
16 20 
16 21 
16 22 
16 23 
16 24 
16 25 
16 28 
17 22 
17 25 
18 19 
18 21 
18 22 
18 25 
18 26 
18 27 
18 29 
19 21 
19 24 
19 25 
19 26 
19 28 
20 25 
20 26 
20 28 
21 24 
21 27 
22 29 
23 24 
23 27 
24 25 
24 27 
25 27 
25 29 
26 28 
26 29 
27 29 
