1 3 
1 19 
1 20 
1 21 
1 23 
1 24 
1 13 
2 18 
2 3 
2 4 
2 6 
2 7 
2 27 
2 12 
2 14 
3 16 
3 5 
3 6 
3 23 
3 8 
3 10 
3 26 
3 28 
4 21 
4 8 
4 26 
4 13 
5 10 
5 11 
5 13 
5 15 
5 21 
5 22 
5 23 
5 24 
5 25 
5 26 
5 27 
5 28 
6 17 
6 8 
6 13 
6 14 
7 17 
7 19 
7 21 
7 23 
7 25 
7 26 
8 17 
8 19 
8 20 
8 21 
8 11 
8 12 
8 29 
9 17 
9 19 
9 22 
9 28 
10 17 
10 19 
10 20 
10 24 
10 25 
10 26 
10 13 
11 19 
11 24 
11 25 
11 26 
11 28 
11 14 
12 17 
12 18 
12 20 
12 21 
12 22 
12 23 
12 27 
12 13 
12 14 
13 17 
13 18 
13 19 
13 20 
13 27 
13 14 
14 16 
14 19 
14 21 
14 24 
14 25 
14 27 
14 15 
15 16 
15 18 
15 20 
15 22 
15 25 
15 28 
16 19 
16 22 
16 24 
16 26 
16 29 
17 19 
17 24 
18 21 
18 22 
18 26 
18 27 
18 29 
19 20 
19 21 
19 27 
19 28 
20 23 
20 24 
20 25 
20 27 
20 28 
21 22 
21 28 
22 29 
23 28 
24 28 
24 29 
25 27 
26 29 
