1 16 
1 17 
1 2 
1 3 
1 6 
1 25 
1 12 
1 14 
1 30 
1 15 
2 19 
2 20 
2 23 
2 24 
2 9 
2 14 
3 20 
3 4 
3 21 
3 22 
3 25 
3 31 
4 16 
4 7 
4 27 
5 16 
5 17 
5 22 
5 26 
5 28 
5 29 
5 30 
6 18 
6 8 
6 24 
6 10 
6 28 
6 14 
7 9 
7 26 
7 11 
7 12 
7 29 
8 10 
8 27 
8 28 
8 14 
9 32 
9 12 
9 31 
9 15 
10 32 
10 23 
10 25 
10 11 
10 30 
11 22 
11 13 
11 30 
12 18 
12 25 
12 27 
13 23 
13 29 
14 18 
15 19 
15 30 
16 23 
16 29 
17 32 
17 19 
17 20 
17 24 
17 26 
17 29 
17 30 
17 31 
18 22 
19 23 
19 29 
20 32 
20 26 
20 29 
21 23 
21 24 
21 27 
21 29 
23 30 
24 28 
24 30 
24 31 
25 26 
25 31 
26 28 
26 29 
27 30 
28 32 
29 31 
30 31 
31 32 
