1 18 
1 4 
1 22 
1 15 
2 18 
2 3 
2 20 
2 23 
2 25 
2 13 
2 14 
3 20 
3 27 
3 29 
3 15 
4 17 
4 19 
4 6 
4 7 
4 24 
4 9 
4 15 
5 24 
5 10 
5 11 
5 12 
5 28 
6 7 
6 24 
6 9 
6 27 
7 9 
7 13 
7 14 
7 30 
8 20 
8 25 
9 32 
9 22 
9 25 
9 26 
9 13 
10 20 
11 16 
11 19 
11 20 
11 29 
12 20 
12 23 
12 30 
13 18 
13 24 
13 27 
13 29 
13 14 
14 15 
14 31 
15 26 
16 21 
16 27 
17 19 
18 19 
18 20 
18 21 
18 22 
18 24 
18 28 
19 21 
19 22 
19 23 
19 27 
19 30 
20 21 
20 23 
20 26 
20 29 
22 32 
22 25 
22 27 
22 29 
23 24 
23 31 
24 27 
24 28 
24 31 
25 26 
25 29 
26 30 
27 31 
28 31 
