1 32 
1 18 
1 3 
1 21 
1 5 
1 6 
1 25 
1 9 
1 26 
1 29 
1 15 
2 32 
2 17 
2 18 
2 19 
2 4 
2 21 
2 7 
2 23 
2 24 
2 8 
2 31 
3 18 
3 31 
3 15 
4 17 
4 20 
4 21 
4 22 
4 24 
4 13 
4 14 
5 32 
5 20 
5 12 
5 14 
5 31 
5 15 
6 26 
6 28 
6 14 
6 31 
6 15 
7 16 
7 17 
7 21 
7 27 
7 12 
7 13 
7 14 
8 17 
8 18 
9 17 
9 24 
9 26 
9 30 
10 18 
10 19 
10 23 
10 29 
10 30 
10 15 
10 31 
11 22 
11 12 
11 29 
12 16 
12 19 
12 26 
12 27 
12 15 
13 16 
13 18 
13 22 
13 24 
13 25 
13 29 
13 15 
14 21 
14 24 
14 27 
15 16 
15 23 
15 24 
15 27 
17 18 
17 21 
18 26 
18 31 
19 20 
19 22 
19 24 
19 25 
19 28 
20 32 
20 24 
20 28 
20 30 
21 25 
22 23 
22 24 
22 27 
22 28 
23 24 
23 29 
23 30 
23 31 
24 25 
24 30 
25 28 
25 30 
25 31 
27 32 
27 29 
27 30 
28 29 
28 31 
29 32 
29 31 
30 32 
