1 3 
1 4 
1 7 
1 24 
1 9 
1 26 
1 12 
1 15 
2 20 
2 6 
2 25 
3 19 
3 5 
3 7 
3 10 
3 26 
3 12 
3 13 
3 14 
4 16 
4 7 
4 10 
4 26 
4 11 
5 7 
5 24 
5 25 
5 9 
5 15 
6 17 
6 18 
6 21 
6 23 
6 24 
6 13 
7 17 
7 24 
7 13 
7 15 
8 18 
8 21 
8 23 
8 12 
9 16 
9 17 
9 18 
9 20 
9 21 
9 13 
9 14 
10 17 
10 19 
10 21 
10 26 
11 18 
12 19 
12 24 
12 25 
12 13 
13 21 
14 16 
14 17 
14 18 
14 20 
14 22 
14 23 
15 19 
15 26 
16 21 
16 22 
16 25 
17 22 
17 23 
17 25 
19 24 
20 21 
21 22 
21 24 
21 25 
23 24 
