1 4 
1 6 
1 8 
1 24 
1 10 
1 31 
2 21 
2 27 
2 11 
2 15 
3 33 
3 19 
3 24 
3 26 
3 13 
3 29 
4 18 
4 7 
4 9 
4 13 
4 14 
5 17 
5 18 
5 19 
5 6 
5 22 
5 12 
5 13 
5 29 
5 14 
6 18 
6 12 
6 30 
7 18 
7 35 
7 9 
8 17 
8 21 
8 23 
8 25 
8 10 
8 12 
8 31 
9 33 
9 21 
9 25 
9 29 
9 15 
10 16 
10 32 
10 17 
10 18 
10 19 
10 14 
10 31 
11 35 
11 12 
11 29 
11 31 
12 35 
12 13 
12 18 
12 19 
12 20 
12 24 
12 27 
12 28 
12 29 
13 23 
13 24 
13 26 
13 27 
13 30 
14 16 
14 31 
14 15 
15 32 
15 35 
15 24 
15 30 
16 17 
16 21 
16 30 
17 19 
17 21 
18 19 
18 20 
18 27 
18 30 
19 32 
19 23 
19 24 
19 26 
19 31 
20 33 
20 24 
20 25 
20 26 
21 34 
21 24 
21 29 
22 35 
22 25 
22 26 
22 29 
22 31 
23 32 
23 34 
23 25 
23 26 
23 30 
24 35 
24 26 
25 32 
25 33 
25 26 
25 27 
26 27 
27 32 
27 34 
28 29 
28 30 
28 31 
30 31 
31 33 
31 34 
32 33 
32 34 
32 35 
34 35 
