1 16 
1 17 
1 19 
1 21 
1 5 
1 22 
1 7 
1 8 
1 26 
1 10 
1 11 
1 12 
2 32 
2 16 
2 18 
2 19 
2 20 
2 22 
2 24 
2 9 
2 10 
2 31 
3 17 
3 4 
3 20 
3 5 
3 9 
3 25 
3 26 
3 27 
3 12 
3 14 
4 18 
4 19 
4 6 
4 7 
4 11 
4 31 
5 21 
5 6 
5 28 
5 13 
5 14 
5 15 
5 31 
6 19 
6 20 
6 8 
6 10 
6 27 
6 29 
6 31 
7 18 
7 22 
7 10 
7 26 
8 16 
8 32 
8 26 
8 11 
8 30 
9 17 
9 20 
9 22 
9 27 
9 13 
10 16 
10 19 
10 20 
10 28 
10 29 
10 30 
11 17 
11 21 
11 22 
11 23 
11 26 
12 32 
12 26 
12 14 
12 15 
12 31 
13 17 
13 25 
13 26 
13 27 
13 28 
14 19 
14 21 
14 27 
15 21 
15 25 
15 26 
16 18 
16 25 
16 26 
17 32 
17 18 
17 23 
17 26 
17 27 
17 28 
18 19 
18 20 
18 25 
18 29 
19 21 
19 24 
19 27 
19 29 
20 21 
20 30 
21 32 
21 29 
22 23 
22 27 
22 29 
22 31 
23 32 
23 26 
23 27 
23 28 
23 30 
26 32 
26 30 
28 32 
28 31 
29 30 
29 31 
31 32 
