1 17 
1 20 
1 4 
1 21 
1 9 
1 26 
1 27 
1 12 
1 13 
1 14 
2 6 
2 22 
2 8 
2 12 
2 14 
3 17 
3 18 
3 19 
3 6 
3 7 
3 24 
3 9 
3 11 
3 29 
3 14 
3 15 
4 8 
4 9 
4 11 
4 12 
4 13 
4 19 
4 21 
4 22 
4 23 
4 24 
4 25 
4 26 
5 17 
5 21 
5 6 
5 7 
5 23 
5 8 
5 9 
5 11 
5 12 
5 28 
5 15 
6 21 
6 25 
6 10 
6 27 
6 29 
6 15 
7 17 
7 22 
7 25 
7 11 
7 28 
7 14 
8 18 
8 22 
8 23 
8 10 
8 27 
8 28 
8 12 
8 14 
8 15 
9 17 
9 19 
9 21 
9 22 
9 23 
9 27 
9 14 
10 11 
10 13 
10 14 
10 15 
10 18 
10 20 
10 21 
10 23 
10 24 
10 26 
10 28 
11 17 
11 21 
11 22 
11 26 
11 13 
12 20 
12 22 
12 28 
12 13 
12 14 
13 14 
13 18 
13 19 
13 21 
13 22 
13 24 
13 25 
13 27 
13 29 
14 15 
14 20 
14 21 
14 27 
14 28 
15 16 
15 18 
15 19 
15 22 
15 23 
15 25 
16 17 
16 19 
16 22 
16 25 
16 29 
17 23 
17 24 
17 26 
18 21 
18 26 
18 27 
19 20 
19 21 
19 22 
19 25 
19 27 
19 28 
19 29 
20 21 
20 23 
20 27 
20 29 
21 22 
22 24 
22 29 
23 25 
24 27 
24 28 
24 29 
27 28 
27 29 
28 29 
