1 2 
1 3 
1 20 
1 7 
1 23 
1 25 
1 10 
1 26 
1 12 
1 13 
2 5 
2 23 
2 7 
2 24 
2 10 
2 12 
2 13 
2 29 
2 14 
3 17 
3 4 
3 21 
3 6 
3 8 
3 9 
3 26 
3 11 
3 12 
4 5 
4 7 
4 8 
4 12 
4 15 
4 18 
4 22 
4 23 
4 25 
4 26 
4 27 
4 29 
5 16 
5 18 
5 19 
5 20 
5 23 
5 9 
5 10 
5 11 
5 29 
6 24 
6 25 
6 10 
6 27 
6 28 
6 13 
6 29 
6 14 
7 16 
7 17 
7 21 
7 8 
7 12 
7 13 
7 29 
7 15 
8 20 
8 21 
8 24 
8 10 
8 11 
8 12 
9 21 
9 22 
9 10 
9 27 
9 11 
9 12 
9 13 
9 14 
9 15 
10 11 
10 12 
10 14 
10 15 
10 16 
10 18 
10 20 
10 21 
10 22 
10 26 
10 29 
11 17 
11 18 
11 25 
11 12 
11 29 
12 17 
12 25 
12 26 
12 28 
12 29 
13 21 
13 23 
13 14 
14 19 
14 23 
14 26 
14 29 
14 15 
15 22 
15 23 
15 25 
15 26 
15 27 
15 29 
16 17 
16 18 
16 20 
16 21 
16 26 
16 27 
16 28 
17 21 
17 27 
18 22 
18 26 
19 20 
19 23 
19 27 
19 29 
20 26 
21 22 
21 25 
21 29 
22 27 
23 25 
24 25 
24 29 
26 28 
26 29 
