1 19 
1 21 
1 6 
1 22 
1 7 
1 25 
1 10 
1 13 
1 15 
2 3 
2 5 
2 6 
2 8 
2 10 
2 11 
2 13 
2 16 
2 19 
2 20 
2 21 
2 22 
2 23 
2 25 
3 16 
3 18 
3 4 
3 20 
3 5 
3 22 
3 23 
3 24 
3 25 
3 13 
3 15 
4 16 
4 20 
4 21 
4 6 
4 8 
4 24 
4 25 
5 19 
5 20 
5 21 
5 7 
5 24 
5 10 
5 14 
6 7 
6 8 
6 9 
6 10 
6 12 
6 13 
6 14 
6 15 
6 16 
6 18 
6 24 
6 25 
7 19 
7 21 
7 22 
7 23 
7 24 
7 9 
7 25 
7 11 
7 14 
8 9 
8 11 
8 13 
8 14 
8 15 
8 18 
8 19 
8 22 
8 23 
8 25 
9 10 
9 11 
9 15 
9 16 
9 17 
9 18 
9 19 
9 20 
9 22 
9 23 
9 24 
10 16 
10 18 
10 19 
10 23 
10 11 
10 13 
10 14 
11 16 
11 19 
11 20 
11 23 
11 24 
11 12 
11 15 
12 17 
12 18 
12 19 
12 20 
12 22 
12 23 
12 24 
12 13 
12 15 
13 16 
13 17 
13 20 
13 22 
13 24 
13 25 
14 16 
14 17 
14 18 
14 19 
14 21 
14 22 
15 17 
15 18 
15 19 
15 20 
15 23 
15 24 
16 17 
16 21 
16 22 
17 21 
17 22 
17 24 
17 25 
18 20 
18 23 
18 25 
19 23 
19 24 
20 21 
20 23 
20 24 
21 22 
22 23 
22 24 
23 24 
