1 16 
1 4 
1 7 
1 9 
1 10 
1 26 
2 17 
2 18 
2 3 
2 21 
2 22 
2 9 
2 26 
2 29 
3 18 
3 19 
3 20 
3 4 
3 21 
3 22 
3 23 
3 24 
3 28 
3 13 
4 17 
4 19 
4 20 
4 23 
4 8 
4 24 
4 27 
4 12 
4 13 
5 17 
5 22 
5 25 
5 9 
5 26 
5 11 
5 15 
6 20 
6 22 
6 23 
6 7 
6 24 
6 9 
6 26 
6 27 
6 29 
7 16 
7 24 
7 8 
7 13 
7 14 
8 19 
8 20 
8 21 
8 9 
8 26 
8 12 
9 20 
9 23 
9 24 
9 26 
9 10 
9 15 
10 16 
10 17 
10 21 
10 27 
10 28 
10 13 
10 15 
11 16 
11 17 
11 23 
11 12 
12 19 
12 20 
12 21 
12 22 
12 24 
12 28 
12 14 
13 17 
13 19 
13 21 
14 17 
14 20 
14 24 
14 25 
14 27 
15 17 
15 24 
16 20 
16 21 
16 25 
17 18 
17 19 
17 25 
18 19 
18 20 
18 23 
18 24 
19 28 
19 29 
20 21 
20 28 
20 29 
21 27 
21 29 
23 25 
23 26 
23 29 
24 25 
24 29 
25 29 
26 27 
26 28 
27 28 
