1 34 
1 3 
1 23 
1 8 
1 26 
1 29 
2 32 
2 18 
2 35 
2 7 
2 8 
2 11 
2 29 
3 18 
3 19 
3 35 
3 4 
3 20 
3 23 
3 10 
3 12 
3 14 
4 17 
4 18 
4 19 
4 5 
4 21 
4 25 
4 12 
4 28 
4 13 
4 15 
5 17 
5 18 
5 19 
5 22 
5 7 
5 24 
5 9 
5 12 
6 18 
6 7 
6 23 
6 27 
6 13 
6 31 
7 34 
7 20 
7 22 
7 24 
7 8 
7 27 
7 30 
8 33 
8 35 
8 22 
8 24 
8 9 
8 27 
8 12 
8 13 
8 14 
9 34 
9 35 
9 24 
9 31 
10 34 
10 21 
10 26 
10 12 
10 29 
10 13 
10 30 
10 14 
11 17 
11 19 
11 35 
11 22 
11 13 
11 29 
12 33 
12 13 
12 15 
12 19 
12 27 
12 29 
12 30 
12 31 
13 35 
13 20 
13 23 
13 25 
13 31 
14 18 
14 35 
14 19 
14 23 
14 30 
15 32 
15 34 
15 18 
15 25 
15 28 
16 33 
16 17 
16 18 
16 20 
16 30 
17 20 
17 27 
17 28 
17 31 
18 33 
18 35 
18 21 
18 28 
19 34 
19 21 
19 24 
19 31 
20 24 
20 26 
20 29 
21 34 
21 24 
21 30 
22 34 
22 23 
22 26 
23 27 
23 28 
23 31 
24 32 
24 31 
25 35 
25 26 
26 32 
26 33 
26 27 
26 30 
26 31 
27 32 
27 33 
28 29 
29 32 
30 33 
31 32 
31 35 
33 34 
33 35 
