1 19 
1 23 
1 8 
1 14 
1 15 
2 16 
2 19 
2 3 
2 6 
2 25 
2 13 
3 16 
3 17 
3 4 
3 7 
3 8 
3 15 
4 19 
4 22 
4 7 
4 12 
4 13 
4 14 
5 19 
5 21 
5 23 
5 7 
5 10 
5 11 
6 10 
6 14 
7 16 
7 19 
7 8 
8 20 
8 9 
8 26 
8 11 
9 16 
9 21 
9 24 
9 25 
9 26 
9 11 
9 14 
10 16 
10 18 
10 26 
10 12 
11 18 
11 22 
11 23 
11 24 
12 20 
12 25 
13 20 
13 14 
13 15 
14 16 
14 19 
14 20 
14 22 
14 24 
14 25 
14 15 
15 18 
15 20 
16 19 
17 19 
17 21 
18 22 
18 23 
19 22 
19 23 
21 26 
22 26 
23 25 
23 26 
24 25 
25 26 
