1 18 
1 2 
1 19 
1 3 
1 20 
1 5 
1 22 
1 7 
1 8 
1 13 
2 3 
2 4 
2 5 
2 23 
2 8 
2 9 
2 10 
2 26 
2 12 
2 14 
3 20 
3 4 
3 5 
3 21 
3 6 
3 7 
3 8 
3 24 
3 9 
3 12 
4 19 
4 20 
4 5 
4 6 
4 22 
4 24 
4 25 
4 9 
4 14 
4 15 
5 16 
5 18 
5 21 
5 7 
5 25 
5 13 
5 15 
6 16 
6 17 
6 18 
6 21 
6 23 
6 7 
6 24 
6 25 
6 12 
6 13 
7 23 
7 24 
7 8 
7 25 
7 12 
7 13 
7 14 
8 19 
8 20 
8 21 
8 22 
8 23 
8 24 
8 14 
9 16 
9 17 
9 23 
9 25 
9 14 
10 18 
10 24 
10 25 
10 26 
10 11 
10 12 
10 13 
10 15 
11 18 
11 20 
11 21 
11 22 
11 12 
11 13 
11 15 
12 16 
12 17 
12 18 
12 20 
12 14 
13 23 
13 24 
13 25 
13 15 
14 18 
14 19 
14 25 
15 16 
15 18 
15 20 
15 21 
15 22 
15 26 
16 17 
16 19 
16 24 
16 25 
16 26 
17 20 
17 23 
17 25 
18 19 
18 20 
18 22 
18 24 
19 21 
19 22 
19 25 
21 23 
21 24 
21 25 
21 26 
22 23 
22 24 
