1 32 
1 34 
1 21 
1 26 
2 32 
2 34 
2 3 
2 6 
2 24 
2 10 
2 26 
3 5 
3 6 
3 7 
3 8 
3 28 
3 29 
4 33 
4 23 
4 11 
4 12 
4 13 
5 17 
5 24 
5 28 
5 31 
6 18 
6 21 
6 7 
6 24 
6 27 
6 13 
6 30 
7 21 
7 27 
7 28 
8 34 
8 23 
8 24 
8 14 
8 31 
9 19 
9 35 
9 20 
9 12 
9 29 
10 35 
10 19 
10 20 
10 27 
11 32 
11 35 
11 22 
11 24 
11 12 
11 29 
12 32 
12 13 
12 31 
13 32 
13 18 
13 34 
13 23 
13 29 
13 30 
14 27 
15 18 
15 35 
15 23 
15 24 
16 33 
16 18 
16 35 
16 20 
16 27 
16 28 
16 29 
17 34 
17 25 
17 31 
18 34 
18 19 
18 27 
18 29 
19 33 
19 24 
19 25 
20 21 
20 29 
21 24 
21 26 
22 35 
22 28 
23 24 
23 29 
24 33 
24 27 
24 31 
25 28 
25 29 
26 27 
26 28 
26 30 
28 34 
28 30 
30 33 
30 31 
32 33 
33 35 
34 35 
