1 6 
1 7 
1 31 
2 17 
2 4 
2 20 
2 23 
2 8 
2 25 
2 10 
2 11 
2 28 
3 21 
3 24 
3 15 
4 19 
4 22 
4 12 
4 29 
5 32 
5 7 
5 13 
5 31 
6 22 
6 8 
6 9 
6 10 
6 13 
6 30 
7 32 
7 21 
7 22 
7 15 
7 31 
8 21 
8 10 
8 28 
8 13 
8 29 
9 16 
9 18 
9 20 
9 24 
9 10 
9 12 
10 23 
10 12 
10 28 
10 29 
11 23 
11 25 
11 15 
12 17 
12 24 
12 31 
13 32 
13 20 
13 30 
14 29 
14 30 
14 31 
15 32 
15 18 
15 20 
16 21 
16 22 
16 25 
16 27 
16 29 
17 20 
17 21 
17 24 
17 27 
17 28 
17 29 
18 32 
18 23 
18 29 
19 22 
19 23 
19 24 
19 26 
19 31 
20 22 
20 23 
20 28 
20 30 
21 25 
21 26 
21 27 
22 24 
23 25 
23 26 
23 28 
23 30 
23 31 
24 27 
24 31 
25 29 
29 31 
