1 8 
1 9 
1 26 
1 29 
2 17 
2 4 
2 5 
2 7 
2 11 
2 27 
2 29 
2 15 
3 18 
3 21 
3 10 
3 28 
3 13 
4 24 
4 25 
4 12 
4 13 
5 18 
5 21 
5 22 
5 23 
5 8 
5 24 
5 11 
5 28 
5 29 
5 15 
6 17 
6 8 
6 24 
6 26 
6 11 
6 29 
6 15 
7 16 
7 18 
7 20 
7 8 
7 11 
7 27 
7 29 
8 16 
8 17 
8 28 
8 12 
8 13 
8 15 
9 16 
9 18 
9 19 
9 27 
9 28 
10 17 
11 21 
11 25 
11 12 
11 29 
11 15 
12 17 
13 19 
13 22 
13 23 
13 24 
13 25 
13 26 
13 27 
14 19 
14 23 
16 18 
16 20 
16 22 
16 25 
16 29 
17 19 
17 21 
18 25 
18 29 
19 23 
19 26 
20 21 
20 24 
21 25 
22 29 
23 24 
23 27 
23 28 
