1 18 
1 9 
1 29 
1 30 
2 32 
2 19 
2 4 
2 22 
2 23 
2 10 
2 30 
3 22 
3 24 
3 10 
3 14 
4 6 
4 29 
4 30 
5 32 
5 16 
5 7 
5 25 
5 11 
5 29 
5 31 
6 24 
6 25 
6 11 
7 32 
7 8 
7 11 
8 18 
8 19 
8 25 
8 29 
8 31 
9 32 
9 20 
9 22 
9 10 
9 31 
10 32 
10 23 
10 28 
10 31 
10 15 
11 18 
11 12 
11 14 
11 31 
12 21 
12 22 
12 23 
12 27 
12 29 
13 21 
13 29 
14 20 
14 22 
14 26 
14 29 
15 29 
16 24 
16 29 
17 19 
17 20 
17 24 
18 20 
18 28 
19 22 
19 24 
19 25 
19 29 
20 21 
20 22 
20 23 
20 27 
21 25 
21 31 
22 27 
23 25 
24 32 
24 25 
24 27 
25 30 
26 29 
27 28 
27 30 
29 30 
30 32 
