1 2 
1 3 
1 5 
1 6 
1 7 
1 8 
1 11 
1 15 
1 17 
1 18 
1 19 
1 22 
1 23 
2 17 
2 19 
2 4 
2 5 
2 22 
2 23 
2 9 
2 10 
2 12 
2 13 
2 15 
3 5 
3 6 
3 8 
3 9 
3 10 
3 12 
3 13 
3 14 
3 16 
3 17 
3 18 
3 19 
3 21 
3 23 
4 5 
4 6 
4 7 
4 8 
4 10 
4 12 
4 13 
4 16 
4 18 
4 19 
4 20 
4 21 
5 6 
5 8 
5 9 
5 10 
5 11 
5 12 
5 14 
5 17 
5 18 
5 19 
5 21 
5 22 
6 7 
6 8 
6 9 
6 10 
6 12 
6 13 
6 16 
6 17 
6 20 
6 22 
6 23 
7 16 
7 18 
7 21 
7 23 
7 9 
7 12 
7 15 
8 16 
8 18 
8 20 
8 21 
8 23 
8 10 
8 15 
9 16 
9 18 
9 19 
9 20 
9 23 
9 10 
9 14 
10 11 
10 12 
10 13 
10 14 
10 15 
10 16 
10 18 
10 19 
10 21 
10 22 
11 17 
11 18 
11 19 
11 21 
11 23 
11 12 
11 14 
12 14 
12 16 
12 18 
12 19 
12 20 
12 21 
12 22 
13 14 
13 15 
13 16 
13 18 
13 19 
13 21 
13 22 
13 23 
14 17 
14 18 
14 23 
14 15 
15 17 
15 22 
15 23 
16 17 
16 18 
16 19 
16 20 
16 21 
16 22 
17 18 
17 20 
17 23 
18 20 
18 22 
18 23 
19 21 
20 21 
20 22 
20 23 
21 23 
