1 19 
1 5 
1 21 
1 22 
1 23 
1 26 
1 10 
1 14 
2 16 
2 4 
2 21 
2 6 
2 23 
2 8 
2 24 
2 10 
2 11 
2 12 
3 18 
3 7 
3 23 
3 8 
3 24 
3 13 
4 16 
4 18 
4 21 
4 6 
4 23 
4 25 
4 26 
4 13 
4 15 
5 16 
5 20 
5 7 
5 8 
5 11 
5 14 
6 7 
6 9 
6 26 
6 10 
6 11 
7 16 
7 21 
7 22 
7 23 
7 24 
7 25 
7 9 
8 16 
8 19 
8 21 
8 23 
8 24 
8 26 
8 11 
8 14 
9 17 
9 18 
9 19 
9 20 
9 23 
9 25 
9 10 
9 11 
9 14 
10 19 
10 11 
10 12 
11 13 
11 14 
11 15 
11 17 
11 20 
11 23 
11 25 
12 17 
12 18 
12 20 
12 21 
12 22 
12 24 
12 13 
12 14 
13 16 
13 22 
13 15 
14 15 
14 16 
14 20 
14 21 
14 22 
14 25 
14 26 
15 18 
15 19 
15 24 
15 26 
16 18 
16 19 
16 24 
17 18 
17 20 
17 25 
18 19 
18 20 
19 20 
19 22 
19 25 
20 26 
21 23 
21 24 
22 25 
22 26 
23 24 
24 25 
24 26 
25 26 
