1 18 
1 19 
1 4 
1 21 
1 23 
1 10 
1 14 
1 15 
2 18 
2 24 
2 8 
2 9 
2 12 
3 16 
3 4 
3 24 
3 25 
3 12 
3 13 
3 14 
4 5 
4 8 
4 11 
4 12 
4 13 
4 16 
4 20 
4 21 
4 22 
4 23 
4 24 
4 25 
5 18 
5 19 
5 22 
5 24 
5 8 
5 11 
5 12 
5 13 
5 14 
6 16 
6 21 
6 8 
6 9 
6 11 
6 13 
7 17 
7 19 
7 23 
7 24 
7 10 
7 11 
7 12 
7 13 
7 15 
8 22 
8 10 
8 13 
9 16 
9 17 
9 20 
9 21 
9 22 
9 12 
10 23 
10 25 
10 11 
10 12 
10 13 
10 15 
11 12 
11 13 
12 19 
12 21 
12 22 
12 26 
13 14 
13 19 
13 20 
13 22 
13 26 
14 16 
14 17 
14 18 
14 19 
14 20 
14 21 
14 22 
15 19 
16 18 
16 19 
16 23 
16 24 
17 18 
17 24 
18 24 
19 20 
19 23 
20 21 
20 22 
20 23 
20 24 
21 24 
21 25 
22 23 
22 25 
22 26 
23 26 
24 25 
