1 17 
1 18 
1 2 
1 4 
1 5 
1 6 
1 24 
1 14 
2 3 
2 4 
2 5 
2 22 
2 28 
2 13 
2 29 
3 5 
3 8 
3 26 
3 10 
3 29 
4 17 
4 6 
4 28 
5 22 
5 23 
5 11 
5 14 
6 17 
6 18 
6 13 
7 19 
7 9 
7 27 
8 18 
8 25 
8 12 
9 18 
9 21 
9 10 
9 14 
11 18 
11 22 
11 23 
11 13 
11 15 
12 18 
12 27 
12 13 
12 15 
13 16 
13 26 
14 19 
14 21 
14 24 
14 15 
15 17 
15 22 
15 24 
16 20 
17 19 
17 27 
17 28 
18 24 
18 27 
18 28 
19 22 
19 25 
19 26 
19 29 
20 21 
20 23 
20 26 
21 22 
21 25 
21 27 
22 29 
23 26 
24 25 
24 26 
25 27 
