1 16 
1 2 
1 3 
1 6 
1 7 
1 10 
1 12 
1 13 
2 17 
2 20 
2 6 
2 22 
2 9 
2 10 
2 11 
2 12 
2 13 
2 14 
2 15 
3 19 
3 4 
3 5 
3 9 
3 10 
3 11 
3 14 
4 17 
4 18 
4 19 
4 21 
4 5 
4 9 
5 20 
5 22 
5 7 
5 9 
5 10 
6 17 
6 18 
6 22 
6 9 
6 11 
6 13 
7 17 
7 18 
7 20 
7 21 
7 23 
7 10 
7 11 
7 15 
8 16 
8 18 
8 20 
8 21 
8 23 
8 12 
8 15 
9 17 
9 19 
9 23 
9 10 
9 11 
9 12 
9 13 
10 23 
10 11 
10 12 
10 13 
11 17 
11 20 
11 22 
11 23 
11 12 
11 13 
12 17 
12 23 
13 17 
13 20 
13 22 
13 15 
14 19 
14 20 
14 15 
15 18 
15 21 
15 22 
15 23 
16 17 
16 19 
16 23 
17 19 
17 21 
17 22 
18 19 
18 20 
19 22 
19 23 
20 22 
21 22 
