1 17 
1 4 
1 5 
1 7 
1 10 
1 11 
1 12 
1 29 
2 18 
2 3 
2 21 
2 6 
2 9 
2 10 
2 27 
3 20 
3 6 
3 24 
3 10 
3 26 
3 11 
3 27 
3 13 
3 15 
4 20 
4 22 
4 28 
4 12 
4 15 
5 18 
5 19 
5 20 
5 23 
5 24 
5 14 
6 18 
6 25 
6 26 
7 16 
7 32 
7 8 
7 25 
7 9 
7 11 
7 28 
8 17 
8 22 
8 9 
8 27 
8 31 
9 32 
9 19 
9 24 
9 26 
9 27 
9 13 
9 29 
9 14 
9 15 
10 22 
10 23 
10 27 
10 28 
11 16 
11 17 
11 27 
11 29 
11 30 
12 32 
12 17 
12 19 
12 24 
12 25 
12 27 
12 13 
12 14 
12 31 
12 15 
13 32 
13 19 
13 22 
13 27 
14 32 
14 22 
14 27 
14 28 
15 20 
15 21 
15 24 
15 27 
16 19 
16 29 
17 32 
17 20 
17 21 
17 28 
18 20 
18 24 
18 27 
18 28 
18 29 
18 30 
18 31 
19 24 
19 26 
20 30 
21 23 
21 24 
21 25 
21 28 
21 29 
22 32 
22 24 
22 31 
23 24 
23 28 
23 30 
24 32 
24 26 
24 29 
24 30 
24 31 
25 26 
25 31 
26 30 
26 31 
27 30 
28 30 
29 31 
30 31 
