1 4 
1 20 
1 21 
1 22 
1 10 
1 28 
1 30 
1 15 
2 16 
2 19 
2 20 
2 4 
2 5 
2 25 
2 10 
2 27 
2 12 
2 29 
2 30 
3 20 
3 12 
4 6 
4 8 
4 24 
4 9 
4 26 
4 12 
4 13 
4 29 
5 17 
5 20 
5 27 
5 11 
5 29 
5 13 
5 14 
6 19 
6 24 
6 25 
6 26 
6 11 
6 29 
6 14 
6 15 
7 16 
7 8 
7 28 
7 13 
7 14 
8 18 
8 19 
8 21 
8 22 
8 12 
8 14 
9 16 
9 18 
9 19 
9 10 
9 27 
9 11 
9 12 
9 14 
9 15 
10 20 
10 21 
10 14 
10 15 
11 23 
11 26 
12 19 
12 20 
13 19 
13 21 
14 16 
14 21 
14 23 
14 26 
14 15 
15 25 
15 26 
16 19 
16 22 
16 23 
16 24 
16 26 
16 27 
16 28 
17 25 
18 22 
18 29 
18 30 
19 20 
19 23 
19 26 
19 27 
20 22 
20 25 
20 27 
20 28 
21 28 
21 30 
22 25 
22 27 
24 25 
26 27 
26 28 
27 30 
28 29 
28 30 
