1 32 
1 17 
1 19 
1 5 
1 10 
1 30 
2 17 
2 33 
2 34 
2 5 
2 24 
2 27 
2 30 
2 15 
3 19 
3 23 
3 24 
3 26 
3 14 
3 15 
4 33 
4 19 
4 22 
4 6 
4 7 
5 17 
5 35 
5 21 
5 22 
5 6 
5 25 
6 17 
6 35 
6 19 
6 7 
6 25 
6 10 
7 16 
7 32 
7 19 
7 13 
8 17 
8 18 
8 23 
8 11 
8 28 
8 15 
9 19 
9 20 
9 12 
10 21 
10 24 
10 27 
10 28 
11 35 
11 26 
11 13 
11 30 
12 18 
12 34 
12 35 
12 22 
12 23 
12 14 
12 15 
13 18 
13 19 
13 23 
13 29 
14 17 
14 18 
14 23 
14 28 
15 32 
15 24 
16 30 
17 32 
17 34 
17 21 
17 25 
17 26 
17 28 
18 19 
18 20 
18 25 
18 26 
19 33 
19 34 
19 22 
19 30 
20 30 
20 31 
21 27 
22 34 
22 35 
22 23 
22 26 
22 27 
23 32 
23 33 
23 29 
24 34 
24 25 
24 30 
25 33 
27 33 
27 28 
28 30 
29 33 
30 31 
