1 16 
1 18 
1 4 
1 23 
1 7 
1 25 
1 26 
1 12 
1 13 
1 29 
1 15 
2 19 
2 26 
2 11 
2 12 
2 29 
2 14 
3 6 
3 26 
3 29 
4 10 
4 28 
4 29 
4 15 
5 8 
5 9 
5 26 
5 27 
5 13 
5 14 
5 15 
6 17 
6 19 
6 21 
6 9 
6 25 
6 11 
6 13 
6 14 
7 17 
7 18 
7 19 
7 26 
7 29 
7 13 
8 18 
8 9 
8 27 
9 18 
9 19 
9 14 
10 19 
10 22 
10 23 
10 26 
10 11 
10 27 
10 28 
11 17 
11 19 
11 25 
11 26 
11 28 
11 14 
12 18 
12 22 
12 25 
12 27 
12 28 
12 29 
13 14 
13 15 
13 16 
13 17 
13 21 
13 22 
13 23 
13 27 
13 28 
13 29 
14 15 
14 17 
14 19 
14 20 
14 24 
14 26 
14 27 
15 16 
15 19 
15 22 
15 26 
16 18 
16 19 
16 20 
16 22 
16 23 
16 29 
17 18 
17 19 
18 19 
18 20 
18 21 
18 22 
18 23 
18 25 
19 21 
19 25 
19 26 
20 24 
20 28 
21 22 
21 23 
21 24 
21 26 
22 24 
23 26 
23 27 
23 28 
24 27 
25 29 
