1 2 
1 18 
1 20 
1 21 
1 6 
1 8 
1 11 
1 27 
1 12 
1 28 
1 30 
2 16 
2 19 
2 20 
2 21 
2 10 
2 28 
2 13 
2 29 
2 14 
3 16 
3 19 
3 21 
3 22 
3 23 
3 24 
3 9 
3 10 
3 26 
3 28 
4 17 
4 7 
4 23 
4 29 
4 13 
4 14 
5 16 
5 21 
5 23 
5 24 
5 27 
5 28 
5 14 
5 15 
6 18 
6 22 
6 9 
6 25 
6 15 
7 16 
7 17 
7 22 
7 23 
7 24 
7 8 
7 9 
7 26 
7 12 
7 30 
8 17 
8 18 
8 20 
8 28 
8 13 
8 14 
9 16 
9 27 
9 12 
9 30 
10 16 
10 17 
10 20 
10 21 
10 25 
10 11 
11 17 
11 18 
11 20 
11 21 
11 22 
11 26 
11 15 
12 16 
12 18 
12 22 
12 25 
12 13 
12 30 
13 16 
13 20 
13 23 
13 26 
13 27 
13 28 
13 14 
13 15 
14 16 
14 19 
14 20 
14 25 
15 16 
15 17 
15 23 
16 18 
16 19 
16 24 
16 27 
17 23 
17 25 
18 19 
18 22 
18 29 
19 22 
19 25 
19 29 
19 30 
20 23 
20 25 
20 27 
21 26 
21 28 
21 30 
23 26 
23 29 
24 27 
25 29 
26 27 
26 29 
27 29 
28 30 
