1 32 
1 2 
1 8 
1 24 
1 10 
1 11 
1 27 
1 29 
1 13 
2 18 
2 3 
2 22 
2 25 
2 28 
2 12 
2 13 
2 14 
2 31 
3 5 
3 7 
3 9 
3 10 
3 14 
3 17 
3 18 
3 19 
3 20 
3 26 
3 28 
3 30 
4 16 
4 32 
4 22 
4 23 
4 24 
4 25 
4 12 
4 28 
4 14 
4 15 
5 18 
5 21 
5 22 
5 9 
5 26 
5 12 
6 18 
6 19 
6 20 
6 23 
6 24 
6 10 
6 27 
7 32 
7 23 
8 32 
8 16 
8 18 
8 20 
8 23 
8 25 
8 26 
8 12 
8 29 
8 13 
8 15 
9 32 
9 18 
9 19 
9 20 
9 22 
9 23 
9 11 
9 30 
10 16 
10 18 
10 21 
10 22 
10 23 
10 25 
10 12 
11 12 
11 29 
11 13 
11 30 
11 31 
12 16 
12 19 
12 23 
12 13 
12 14 
12 30 
13 14 
13 17 
13 18 
13 20 
13 22 
13 23 
13 27 
13 28 
13 29 
14 17 
14 21 
14 22 
14 24 
14 25 
14 26 
14 28 
14 29 
15 16 
15 18 
15 21 
15 24 
15 26 
15 29 
16 18 
16 21 
16 22 
16 23 
16 24 
16 29 
17 20 
17 21 
17 22 
17 23 
17 26 
17 27 
17 28 
18 20 
19 20 
19 23 
19 25 
19 26 
19 30 
20 26 
20 28 
21 32 
22 23 
23 25 
23 29 
24 28 
24 30 
24 31 
25 26 
25 29 
26 32 
26 27 
26 31 
28 31 
30 31 
