1 16 
1 4 
1 23 
1 25 
1 26 
1 10 
1 13 
1 14 
1 15 
2 5 
2 22 
2 7 
2 24 
3 17 
3 18 
3 19 
3 24 
3 9 
3 10 
3 26 
3 27 
3 28 
3 14 
4 17 
4 18 
4 21 
4 5 
4 27 
4 11 
4 29 
4 14 
5 17 
5 19 
5 21 
5 22 
5 6 
5 7 
5 12 
5 14 
6 20 
6 7 
6 9 
7 17 
7 20 
7 22 
7 24 
7 26 
7 10 
8 16 
8 19 
8 22 
8 10 
8 29 
9 19 
9 24 
9 10 
9 28 
9 29 
10 17 
10 27 
10 28 
10 12 
11 16 
11 18 
11 21 
11 24 
11 28 
11 13 
11 29 
11 14 
11 15 
12 18 
12 26 
12 27 
12 13 
13 22 
13 25 
13 29 
13 14 
14 18 
14 20 
14 21 
14 23 
14 26 
14 28 
15 17 
16 18 
16 19 
16 20 
16 21 
16 22 
16 29 
17 20 
17 21 
17 26 
18 20 
18 21 
18 22 
18 25 
18 27 
18 29 
19 23 
19 27 
19 28 
20 22 
20 24 
20 28 
21 22 
21 23 
21 27 
22 24 
22 27 
22 29 
23 24 
24 27 
24 28 
25 26 
25 28 
26 27 
26 29 
