1 2 
1 7 
1 25 
1 12 
1 29 
2 16 
2 18 
2 19 
2 20 
2 7 
2 8 
2 11 
2 13 
3 4 
3 20 
3 6 
3 12 
3 13 
3 14 
4 5 
4 7 
4 24 
4 10 
4 14 
5 16 
5 17 
5 19 
5 21 
5 8 
5 24 
5 10 
5 28 
5 29 
5 13 
5 14 
6 16 
6 23 
6 26 
6 11 
6 12 
6 29 
7 18 
7 8 
7 9 
8 16 
8 20 
8 25 
8 9 
8 28 
8 29 
8 14 
8 15 
9 17 
9 18 
9 19 
9 23 
9 24 
9 27 
9 11 
9 13 
9 14 
9 15 
10 22 
10 24 
10 26 
11 18 
11 19 
11 26 
11 12 
11 14 
12 16 
12 17 
12 19 
12 24 
13 16 
13 17 
13 19 
13 20 
13 24 
13 14 
14 19 
14 20 
14 22 
14 25 
14 28 
15 17 
15 18 
15 20 
15 24 
16 19 
16 20 
16 23 
16 26 
16 27 
17 20 
17 21 
17 23 
17 24 
17 29 
18 19 
18 20 
18 25 
18 27 
18 29 
19 21 
20 22 
20 24 
20 26 
20 27 
20 28 
21 24 
21 28 
22 25 
22 26 
23 25 
23 26 
23 27 
23 28 
24 29 
25 28 
