1 17 
1 2 
1 20 
1 21 
1 6 
1 22 
1 8 
1 9 
1 10 
1 26 
2 20 
2 21 
2 8 
2 26 
2 10 
2 27 
2 13 
2 14 
3 16 
3 18 
3 19 
3 22 
3 28 
3 12 
3 29 
3 14 
4 17 
4 20 
4 21 
4 22 
4 8 
4 10 
4 26 
4 14 
5 19 
5 20 
5 23 
5 24 
5 27 
5 12 
5 29 
5 13 
6 16 
6 21 
6 7 
6 24 
6 25 
6 10 
6 11 
6 12 
6 28 
6 29 
6 14 
7 17 
7 18 
7 24 
7 9 
7 10 
7 27 
7 28 
7 13 
8 17 
8 24 
8 11 
8 27 
8 15 
9 20 
9 21 
9 24 
9 26 
9 10 
9 12 
9 14 
9 15 
10 16 
10 20 
10 21 
10 27 
10 13 
11 17 
11 18 
11 20 
11 22 
11 24 
11 26 
11 27 
11 12 
11 28 
11 15 
12 16 
12 17 
12 23 
12 13 
12 14 
13 16 
13 18 
13 19 
13 20 
13 27 
13 28 
13 29 
14 22 
14 25 
14 27 
14 28 
15 17 
15 18 
15 19 
15 23 
15 25 
15 26 
15 28 
15 29 
16 26 
16 27 
16 28 
16 29 
17 19 
17 20 
17 21 
17 22 
17 25 
17 28 
18 24 
18 27 
19 21 
19 22 
19 23 
19 24 
19 26 
19 27 
19 28 
20 23 
20 26 
21 25 
22 24 
22 25 
22 26 
22 27 
23 25 
23 26 
23 27 
23 29 
24 25 
24 26 
25 26 
25 28 
25 29 
27 28 
27 29 
