1 3 
1 19 
1 20 
1 4 
1 5 
1 22 
1 23 
1 24 
1 25 
1 9 
1 11 
2 17 
2 18 
2 20 
2 4 
2 5 
2 7 
2 23 
2 24 
2 25 
2 12 
3 4 
3 22 
3 7 
3 24 
3 8 
3 25 
3 26 
3 11 
3 14 
3 15 
4 18 
4 19 
4 5 
4 22 
4 7 
4 24 
4 26 
4 12 
5 21 
5 23 
5 9 
5 11 
6 19 
6 22 
6 7 
6 8 
6 9 
6 10 
6 14 
6 15 
7 16 
7 18 
7 22 
7 23 
7 26 
7 10 
7 12 
7 15 
8 18 
8 21 
8 22 
8 9 
8 15 
9 16 
9 20 
9 23 
9 24 
9 25 
9 11 
9 12 
9 14 
10 16 
10 18 
10 20 
10 22 
10 23 
10 24 
10 25 
10 13 
10 15 
11 12 
11 16 
11 17 
11 20 
11 21 
11 22 
11 24 
11 25 
11 26 
12 16 
12 17 
12 18 
12 21 
12 24 
12 25 
12 13 
13 19 
13 21 
13 22 
13 24 
13 26 
13 14 
13 15 
14 16 
14 21 
14 23 
14 24 
14 26 
15 18 
15 21 
15 22 
15 24 
15 26 
16 17 
16 22 
16 25 
17 20 
17 21 
17 22 
17 24 
17 25 
18 22 
18 23 
18 24 
18 26 
19 22 
19 24 
19 25 
20 23 
20 24 
20 25 
20 26 
21 24 
22 24 
22 25 
22 26 
23 25 
24 26 
25 26 
