1 3 
1 4 
1 5 
1 8 
1 9 
1 10 
1 11 
1 12 
1 13 
1 15 
1 16 
1 17 
1 19 
1 20 
1 22 
1 23 
2 16 
2 20 
2 23 
2 24 
2 12 
2 13 
2 14 
3 16 
3 17 
3 19 
3 21 
3 23 
3 7 
3 8 
3 25 
3 12 
3 13 
4 17 
4 6 
4 8 
4 25 
4 10 
4 11 
4 12 
5 26 
5 13 
5 14 
5 15 
6 18 
6 19 
6 21 
6 24 
6 26 
6 14 
7 22 
7 8 
7 25 
7 9 
7 12 
7 14 
8 10 
8 11 
8 12 
8 13 
8 14 
8 15 
8 19 
8 21 
8 22 
9 16 
9 18 
9 19 
9 25 
10 17 
10 25 
10 26 
10 12 
10 13 
11 19 
11 21 
11 24 
11 25 
11 14 
12 19 
12 21 
12 22 
12 25 
12 14 
13 20 
13 22 
13 25 
13 15 
14 21 
14 23 
15 18 
15 19 
15 24 
16 17 
16 18 
16 19 
16 21 
16 23 
16 25 
17 25 
18 20 
18 24 
19 21 
19 23 
20 22 
21 23 
22 23 
22 26 
23 26 
25 26 
