1 16 
1 5 
1 6 
1 23 
1 8 
1 24 
1 25 
1 28 
2 16 
2 5 
2 27 
3 19 
3 5 
3 21 
3 6 
3 22 
3 7 
3 9 
3 11 
3 13 
3 15 
3 31 
4 11 
5 23 
5 27 
6 9 
6 28 
6 15 
7 32 
7 20 
7 14 
7 15 
8 17 
8 24 
8 25 
8 13 
8 14 
8 30 
9 26 
9 27 
9 14 
9 30 
10 17 
10 23 
10 26 
10 28 
10 13 
10 14 
10 15 
11 24 
11 29 
13 22 
13 24 
13 30 
13 14 
14 20 
14 25 
14 26 
14 27 
14 28 
14 15 
15 16 
15 28 
15 30 
16 17 
16 22 
16 29 
17 18 
17 24 
17 25 
17 29 
17 30 
18 22 
18 25 
18 28 
19 30 
20 28 
21 25 
21 27 
21 30 
21 31 
22 32 
22 27 
22 30 
23 28 
24 32 
26 30 
26 31 
27 30 
28 30 
