1 17 
1 18 
1 2 
1 4 
1 5 
1 6 
1 24 
1 25 
1 27 
1 15 
2 19 
2 21 
2 6 
2 22 
2 7 
2 29 
3 5 
3 22 
3 8 
4 17 
4 5 
4 22 
4 8 
4 10 
4 11 
4 30 
4 15 
5 32 
5 7 
5 10 
5 26 
5 30 
5 31 
6 19 
6 13 
7 35 
7 8 
7 25 
7 9 
7 29 
8 32 
8 16 
8 21 
8 9 
8 29 
8 30 
8 15 
9 32 
9 33 
9 24 
9 26 
9 12 
9 28 
9 29 
9 30 
9 14 
10 33 
10 17 
10 19 
10 22 
10 13 
10 30 
11 18 
11 22 
11 23 
11 25 
12 17 
12 33 
12 21 
12 25 
12 26 
12 31 
13 19 
13 35 
13 23 
13 26 
13 28 
13 29 
14 17 
14 34 
14 19 
14 26 
15 33 
15 35 
15 22 
15 24 
15 25 
16 17 
16 34 
16 18 
16 21 
16 22 
16 27 
16 28 
17 21 
17 22 
17 24 
17 25 
17 28 
17 31 
18 32 
18 35 
18 19 
18 21 
18 23 
18 28 
19 32 
19 23 
19 26 
19 30 
20 21 
20 28 
21 22 
21 29 
21 30 
22 34 
22 26 
22 28 
23 28 
23 30 
24 32 
24 25 
24 27 
27 34 
28 33 
28 34 
28 35 
28 29 
28 30 
29 30 
