1 20 
1 6 
1 25 
1 10 
1 12 
2 18 
2 19 
2 5 
2 7 
2 25 
2 9 
2 27 
2 15 
3 17 
3 20 
3 13 
5 18 
5 11 
5 28 
6 16 
6 17 
6 19 
6 28 
6 29 
6 14 
7 20 
7 21 
8 32 
8 23 
9 16 
9 11 
10 32 
10 19 
10 23 
10 14 
11 16 
11 19 
11 26 
11 29 
11 15 
11 31 
12 17 
12 28 
12 13 
12 14 
13 19 
13 20 
13 22 
13 30 
13 31 
14 17 
14 18 
14 22 
14 25 
15 25 
16 19 
16 20 
16 29 
17 18 
17 19 
17 30 
18 22 
19 28 
19 29 
20 23 
20 25 
20 27 
21 27 
21 29 
22 32 
22 30 
22 31 
23 26 
24 32 
24 29 
24 30 
25 26 
26 32 
27 29 
29 30 
