1 16 
1 18 
1 2 
1 22 
1 25 
1 11 
1 12 
1 28 
2 19 
2 23 
2 24 
2 8 
2 14 
2 30 
3 5 
3 21 
3 24 
3 10 
3 28 
3 30 
4 20 
4 5 
4 21 
4 24 
4 26 
4 27 
5 19 
5 21 
5 8 
5 9 
5 13 
5 29 
6 16 
6 18 
6 20 
6 9 
7 21 
7 9 
8 22 
8 9 
8 25 
8 15 
9 20 
10 18 
10 23 
10 11 
10 14 
10 30 
10 15 
11 22 
11 14 
12 18 
12 22 
12 15 
13 16 
13 17 
13 18 
13 21 
13 28 
13 14 
13 15 
14 17 
14 22 
14 24 
14 27 
14 29 
15 22 
15 23 
15 26 
15 30 
16 24 
16 28 
16 30 
17 20 
17 30 
18 21 
18 22 
18 24 
19 21 
19 25 
19 28 
20 21 
20 23 
20 25 
20 26 
20 30 
21 22 
22 30 
24 30 
29 30 
