1 17 
1 21 
1 23 
1 12 
2 16 
2 3 
2 20 
2 5 
2 22 
2 7 
2 25 
2 13 
2 14 
3 4 
3 6 
3 9 
3 10 
3 11 
3 12 
3 13 
3 14 
3 18 
3 20 
3 21 
3 26 
4 16 
4 17 
4 19 
4 20 
4 5 
4 22 
4 23 
4 8 
4 25 
4 11 
5 18 
5 6 
5 25 
5 11 
5 15 
6 7 
6 8 
6 9 
6 13 
6 14 
6 15 
6 18 
6 19 
6 21 
6 23 
6 25 
7 17 
7 19 
7 20 
7 22 
7 23 
7 10 
7 12 
7 13 
7 14 
7 15 
8 16 
8 18 
8 24 
8 9 
8 26 
8 12 
9 18 
9 22 
9 26 
9 13 
9 14 
9 15 
10 16 
10 18 
10 19 
10 20 
10 23 
10 26 
10 12 
10 14 
10 15 
11 16 
11 18 
11 19 
11 21 
11 22 
11 23 
11 13 
11 14 
12 13 
12 15 
12 17 
12 18 
12 20 
12 21 
12 22 
12 23 
12 24 
13 17 
13 22 
13 23 
13 25 
13 26 
14 17 
14 22 
14 23 
14 24 
15 19 
15 21 
15 22 
15 25 
15 26 
16 21 
16 22 
16 23 
16 24 
16 25 
16 26 
17 19 
17 23 
17 24 
17 25 
17 26 
18 20 
18 22 
18 23 
18 25 
19 23 
19 24 
19 26 
20 22 
20 24 
20 26 
21 24 
21 26 
22 23 
22 24 
22 25 
24 26 
