1 16 
1 21 
1 5 
1 22 
1 7 
1 11 
1 13 
2 4 
2 6 
2 7 
2 10 
2 12 
2 14 
2 15 
2 16 
2 17 
2 18 
2 19 
2 20 
2 21 
2 22 
3 19 
3 5 
3 7 
3 8 
3 13 
3 14 
4 18 
4 19 
4 5 
4 23 
5 16 
5 17 
5 18 
5 22 
5 6 
5 8 
5 13 
5 14 
6 16 
6 7 
6 10 
6 12 
6 15 
7 16 
7 17 
7 19 
7 8 
7 11 
7 13 
7 15 
8 16 
8 23 
8 12 
8 13 
9 16 
9 21 
9 12 
10 16 
10 21 
10 23 
11 18 
11 20 
11 21 
11 23 
12 16 
12 18 
12 21 
12 23 
13 19 
13 21 
14 21 
14 22 
15 17 
15 18 
15 19 
15 20 
15 22 
15 23 
16 17 
16 20 
17 19 
17 20 
18 19 
18 20 
18 21 
19 20 
19 21 
19 22 
20 23 
