1 16 
1 20 
1 5 
1 21 
1 6 
1 24 
2 16 
2 18 
2 3 
2 20 
2 6 
2 23 
2 12 
3 20 
3 21 
3 7 
3 24 
3 10 
4 21 
4 7 
4 8 
4 24 
4 25 
4 9 
4 14 
5 16 
5 19 
5 21 
5 9 
5 11 
5 12 
5 15 
6 16 
6 7 
6 11 
7 17 
7 18 
7 20 
7 8 
7 10 
7 12 
8 18 
8 21 
8 25 
8 11 
8 13 
9 17 
9 19 
9 20 
9 26 
9 10 
9 12 
9 13 
10 20 
10 21 
10 22 
10 26 
10 12 
11 16 
11 18 
11 19 
11 21 
11 23 
11 24 
12 16 
12 17 
12 19 
12 24 
12 25 
12 26 
12 13 
13 19 
13 21 
13 23 
13 24 
13 15 
14 19 
14 26 
14 15 
15 22 
16 19 
17 18 
17 19 
17 23 
17 24 
17 25 
18 19 
18 20 
18 23 
18 25 
18 26 
19 20 
19 25 
19 26 
21 25 
22 23 
22 26 
23 26 
24 25 
24 26 
