1 5 
1 6 
1 22 
1 7 
1 8 
1 9 
1 11 
1 13 
1 14 
1 15 
2 18 
2 3 
2 20 
2 5 
2 21 
2 6 
2 22 
2 7 
2 10 
2 11 
2 13 
2 14 
3 17 
3 4 
3 20 
3 21 
3 8 
3 9 
3 10 
3 11 
3 12 
3 13 
4 17 
4 18 
4 19 
4 21 
4 22 
4 6 
4 23 
4 10 
4 11 
4 13 
5 19 
5 20 
5 21 
5 6 
5 9 
5 12 
5 13 
5 15 
6 8 
6 9 
6 10 
6 11 
6 13 
6 15 
6 18 
6 19 
6 20 
6 22 
6 23 
7 18 
7 21 
7 22 
7 23 
7 10 
7 11 
7 15 
8 17 
8 20 
8 23 
8 9 
8 10 
8 12 
8 14 
9 17 
9 18 
9 23 
9 13 
9 14 
9 15 
10 12 
10 13 
10 14 
10 15 
10 17 
10 18 
10 19 
10 20 
10 21 
11 16 
11 17 
11 18 
11 19 
11 20 
11 21 
11 23 
12 17 
12 18 
12 20 
12 21 
12 23 
12 15 
13 15 
13 17 
13 18 
13 19 
13 20 
14 16 
14 20 
14 23 
14 15 
15 16 
15 19 
15 21 
15 22 
16 18 
16 21 
16 22 
17 18 
17 19 
17 20 
17 22 
17 23 
18 20 
18 21 
19 20 
19 22 
19 23 
20 22 
