1 2 
1 18 
1 3 
1 4 
1 6 
1 10 
1 11 
1 13 
2 16 
2 20 
2 6 
2 8 
2 9 
2 11 
2 14 
3 16 
3 19 
3 20 
3 8 
3 12 
3 14 
4 18 
4 19 
4 20 
4 5 
4 6 
4 7 
4 9 
4 11 
4 12 
4 13 
4 15 
5 18 
5 20 
5 7 
5 8 
5 9 
5 10 
5 11 
5 12 
5 13 
5 14 
6 16 
6 20 
6 8 
6 9 
6 10 
6 13 
6 15 
7 17 
7 18 
7 19 
7 20 
7 10 
8 9 
8 10 
8 12 
8 13 
8 14 
8 15 
8 17 
8 18 
8 19 
8 20 
9 16 
9 19 
9 20 
9 13 
9 15 
10 16 
10 18 
10 20 
10 11 
10 13 
10 14 
11 17 
11 19 
11 20 
11 15 
12 16 
12 17 
12 18 
12 20 
12 13 
12 15 
13 16 
13 18 
13 19 
13 15 
14 16 
14 18 
14 20 
15 16 
15 20 
16 17 
16 20 
17 19 
17 20 
18 19 
19 20 
