1 16 
1 17 
1 18 
1 3 
1 19 
1 20 
1 5 
1 6 
1 7 
1 9 
1 13 
1 14 
2 3 
2 19 
2 4 
2 20 
2 5 
2 6 
2 9 
2 10 
2 11 
3 17 
3 18 
3 5 
3 6 
3 9 
3 11 
4 16 
4 18 
4 20 
4 6 
4 9 
4 11 
4 12 
4 13 
4 15 
5 16 
5 7 
5 9 
5 10 
5 11 
5 12 
5 13 
5 14 
6 20 
6 8 
6 12 
6 14 
7 18 
7 9 
7 10 
7 11 
8 19 
8 10 
8 11 
8 12 
8 13 
8 14 
8 15 
9 16 
9 17 
9 18 
9 19 
9 12 
9 14 
10 12 
10 13 
10 14 
10 15 
11 18 
11 19 
11 13 
12 18 
12 14 
13 16 
13 19 
13 20 
13 14 
14 17 
14 18 
14 19 
14 15 
15 16 
15 18 
15 19 
15 20 
17 19 
17 20 
18 19 
19 20 
