1 16 
1 2 
1 19 
1 20 
1 25 
1 9 
1 26 
1 15 
2 4 
2 20 
2 21 
2 7 
2 23 
2 11 
2 12 
3 17 
3 19 
3 5 
3 11 
3 14 
3 15 
4 17 
4 19 
4 20 
4 21 
4 22 
4 6 
4 8 
4 9 
4 10 
4 14 
4 15 
5 15 
6 16 
6 18 
6 7 
6 9 
6 13 
7 19 
7 21 
7 24 
7 25 
7 26 
7 11 
7 14 
8 16 
8 18 
8 10 
8 26 
8 12 
8 14 
8 15 
9 17 
9 18 
9 22 
9 23 
9 24 
9 13 
9 14 
9 15 
10 16 
10 18 
10 21 
10 22 
10 23 
10 11 
11 16 
11 19 
11 22 
11 12 
11 15 
12 14 
13 19 
13 23 
13 26 
13 14 
14 16 
14 19 
14 20 
14 21 
15 19 
15 23 
16 21 
17 20 
17 23 
17 24 
18 19 
18 21 
18 24 
18 26 
19 20 
19 24 
20 24 
21 22 
21 23 
22 23 
22 24 
22 25 
23 24 
24 26 
