1 16 
1 20 
1 9 
1 11 
1 12 
1 14 
2 16 
2 4 
2 7 
2 9 
2 11 
2 13 
3 16 
3 23 
3 7 
3 10 
3 12 
4 6 
4 23 
4 10 
4 11 
4 13 
4 15 
5 16 
5 17 
5 20 
5 22 
5 10 
5 12 
5 13 
5 15 
6 16 
6 17 
6 18 
6 20 
6 21 
6 22 
6 7 
6 9 
6 11 
6 14 
7 16 
7 20 
7 11 
8 16 
8 21 
8 12 
9 22 
9 23 
9 10 
9 15 
10 17 
10 20 
11 16 
11 21 
11 23 
12 18 
12 13 
13 18 
13 20 
13 15 
14 20 
14 21 
14 22 
14 23 
15 16 
15 18 
15 20 
15 22 
16 17 
16 18 
16 19 
16 21 
16 23 
17 20 
17 23 
18 21 
18 23 
20 23 
21 23 
