1 2 
1 3 
1 4 
1 6 
1 7 
1 8 
1 9 
1 10 
1 11 
1 14 
1 15 
1 18 
1 20 
1 22 
1 23 
2 5 
2 6 
2 7 
2 9 
2 11 
2 13 
2 16 
2 17 
2 18 
2 19 
2 20 
2 22 
2 23 
3 4 
3 5 
3 7 
3 10 
3 11 
3 12 
3 13 
3 15 
3 16 
3 17 
3 18 
3 19 
3 20 
3 21 
3 22 
3 23 
4 5 
4 22 
4 7 
4 8 
4 9 
5 17 
5 18 
5 21 
5 6 
5 23 
5 8 
5 10 
5 11 
5 12 
6 8 
6 9 
6 11 
6 14 
6 16 
6 17 
6 20 
6 21 
6 22 
6 23 
7 8 
7 9 
7 12 
7 13 
7 14 
7 15 
7 16 
7 18 
7 20 
7 23 
8 9 
8 12 
8 13 
8 16 
8 17 
8 18 
8 21 
8 22 
8 23 
9 16 
9 21 
9 23 
9 15 
10 17 
10 18 
10 21 
10 11 
10 12 
10 14 
11 12 
11 13 
11 14 
11 16 
11 17 
11 20 
11 21 
11 22 
12 16 
12 20 
12 21 
12 13 
13 16 
13 19 
13 22 
14 16 
14 19 
14 22 
14 23 
14 15 
15 20 
16 18 
16 20 
17 18 
17 19 
17 21 
17 22 
17 23 
18 19 
18 21 
18 23 
19 22 
20 23 
