1 17 
1 18 
1 5 
1 21 
1 22 
1 25 
1 14 
2 17 
2 19 
2 20 
2 7 
2 25 
2 14 
3 6 
3 22 
3 24 
3 9 
3 12 
4 16 
4 18 
4 20 
4 22 
4 7 
4 9 
4 10 
4 12 
5 16 
5 17 
5 19 
5 24 
5 11 
5 15 
6 17 
6 22 
6 23 
6 8 
7 16 
7 19 
7 20 
7 23 
7 24 
7 25 
7 9 
7 13 
7 14 
7 15 
8 16 
8 20 
8 22 
8 10 
9 16 
9 17 
9 21 
9 10 
10 24 
10 13 
10 15 
11 18 
11 22 
11 23 
11 24 
11 14 
12 16 
12 17 
12 20 
12 21 
12 24 
12 14 
13 21 
13 24 
13 25 
14 17 
14 20 
14 23 
14 24 
14 25 
15 18 
15 25 
16 18 
16 21 
16 24 
17 18 
17 19 
17 23 
17 24 
18 23 
20 22 
21 25 
22 23 
23 24 
