1 2 
1 3 
1 4 
1 5 
1 6 
1 8 
1 10 
1 11 
1 13 
1 14 
1 16 
1 18 
1 19 
1 20 
2 20 
2 4 
2 5 
2 7 
2 8 
2 12 
2 13 
2 14 
2 15 
3 16 
3 18 
3 19 
3 4 
3 7 
3 8 
3 12 
3 14 
3 15 
4 5 
4 6 
4 7 
4 8 
4 9 
4 11 
4 12 
4 14 
4 18 
4 19 
4 20 
5 6 
5 7 
5 9 
5 10 
5 11 
5 12 
5 14 
5 15 
5 16 
5 20 
6 16 
6 17 
6 18 
6 19 
6 20 
6 7 
6 9 
6 12 
6 14 
7 8 
7 10 
7 11 
7 13 
7 14 
7 15 
7 16 
7 19 
7 20 
8 17 
8 19 
8 14 
9 19 
9 20 
9 11 
9 12 
9 13 
9 15 
10 11 
10 12 
10 13 
10 14 
10 15 
10 16 
10 17 
10 18 
10 19 
10 20 
11 12 
11 13 
11 14 
11 15 
11 16 
11 17 
11 18 
11 19 
11 20 
12 13 
12 14 
12 15 
12 18 
12 20 
13 19 
13 20 
13 14 
13 15 
14 16 
14 17 
14 18 
14 19 
14 20 
15 17 
15 19 
15 20 
16 17 
17 18 
18 19 
19 20 
