1 19 
1 20 
1 22 
1 24 
1 10 
1 13 
1 30 
1 14 
1 15 
2 16 
2 19 
2 3 
2 5 
2 22 
2 24 
2 25 
2 9 
2 13 
3 4 
3 5 
3 6 
3 13 
3 14 
3 16 
3 17 
3 19 
3 21 
3 22 
3 24 
3 25 
3 27 
3 28 
3 31 
4 19 
4 7 
4 13 
5 16 
5 19 
5 20 
5 22 
5 7 
5 8 
5 9 
5 25 
5 10 
5 12 
6 9 
6 12 
6 14 
6 18 
6 22 
6 23 
6 25 
6 27 
6 28 
6 29 
6 30 
6 31 
7 32 
7 16 
7 18 
7 24 
7 10 
7 26 
7 27 
7 14 
7 30 
8 16 
8 17 
8 20 
8 21 
8 22 
8 11 
8 27 
8 28 
8 13 
9 10 
9 11 
9 29 
9 15 
10 16 
10 17 
10 18 
10 22 
10 11 
10 13 
10 14 
11 17 
11 28 
11 13 
11 14 
11 30 
12 32 
12 25 
12 27 
12 30 
12 15 
13 16 
13 17 
13 20 
13 23 
13 25 
13 27 
13 28 
13 29 
13 31 
14 32 
14 16 
14 17 
14 18 
14 24 
14 25 
14 26 
14 28 
14 29 
15 16 
15 32 
15 22 
15 24 
15 30 
16 18 
16 20 
16 28 
17 23 
17 25 
17 26 
17 30 
18 19 
18 26 
18 29 
19 22 
19 25 
19 27 
20 32 
20 25 
20 26 
20 27 
20 29 
21 23 
21 28 
22 24 
22 26 
22 27 
22 29 
22 31 
23 24 
23 28 
25 28 
26 27 
29 32 
