1 19 
1 20 
1 6 
1 24 
1 10 
1 12 
1 29 
2 17 
2 4 
2 23 
2 10 
2 13 
2 14 
3 21 
3 26 
3 14 
3 15 
4 6 
4 8 
4 10 
4 12 
4 15 
5 19 
5 9 
5 11 
6 19 
6 20 
6 22 
6 8 
6 9 
6 27 
6 11 
6 13 
6 14 
7 22 
7 24 
7 9 
7 13 
8 18 
8 19 
8 23 
8 25 
8 13 
8 29 
9 17 
9 25 
9 28 
9 13 
9 29 
10 22 
10 24 
11 16 
11 25 
11 27 
11 29 
12 16 
12 19 
12 21 
12 25 
12 27 
12 13 
13 16 
13 17 
13 23 
13 24 
13 26 
13 27 
14 16 
14 18 
14 22 
14 26 
14 28 
14 15 
16 20 
16 22 
16 23 
16 27 
17 19 
17 20 
17 21 
17 26 
17 27 
17 29 
18 24 
18 26 
18 27 
19 21 
19 28 
20 25 
20 27 
20 28 
22 24 
22 29 
23 25 
24 26 
24 27 
24 29 
25 27 
26 28 
26 29 
