1 2 
1 5 
1 6 
1 25 
1 9 
1 28 
1 14 
2 16 
2 18 
2 5 
2 6 
2 25 
2 11 
2 28 
3 6 
3 8 
3 9 
3 10 
3 11 
3 12 
3 13 
3 14 
3 16 
3 18 
3 21 
3 23 
3 26 
3 29 
4 17 
4 18 
4 22 
4 8 
4 25 
4 12 
5 16 
5 19 
5 6 
5 22 
5 23 
5 27 
5 11 
6 17 
6 20 
6 21 
6 24 
6 27 
7 16 
7 19 
7 20 
7 23 
7 29 
7 13 
7 14 
8 16 
8 24 
8 26 
8 27 
8 14 
9 17 
9 23 
9 25 
9 26 
9 12 
9 13 
9 14 
10 19 
10 20 
10 26 
11 16 
11 17 
11 22 
11 23 
11 24 
11 25 
11 12 
11 13 
12 18 
12 19 
12 22 
12 25 
12 27 
12 15 
13 17 
13 18 
13 19 
13 22 
13 24 
13 25 
13 27 
13 29 
14 17 
14 19 
14 22 
14 15 
15 18 
15 19 
15 24 
15 25 
15 29 
16 18 
16 19 
16 23 
17 18 
17 25 
17 28 
18 20 
18 24 
18 27 
18 28 
19 22 
19 23 
19 28 
19 29 
20 23 
20 24 
20 25 
20 27 
20 29 
21 25 
21 26 
21 28 
22 24 
22 26 
23 27 
24 26 
24 29 
25 28 
25 29 
26 28 
27 29 
