1 20 
1 5 
1 22 
1 7 
1 23 
1 10 
1 15 
2 3 
2 4 
2 6 
2 7 
2 8 
2 9 
2 10 
2 12 
2 14 
2 15 
2 16 
2 19 
2 21 
2 23 
3 19 
3 20 
3 5 
3 22 
3 8 
3 9 
3 13 
3 14 
3 15 
4 16 
4 17 
4 21 
4 7 
4 8 
4 10 
4 11 
4 12 
4 13 
4 14 
5 6 
5 7 
5 10 
5 11 
5 12 
5 13 
5 15 
5 19 
5 21 
5 22 
5 23 
6 16 
6 17 
6 18 
6 19 
6 20 
6 7 
6 23 
6 8 
6 10 
6 12 
7 8 
7 9 
7 10 
7 11 
7 13 
7 15 
7 16 
7 17 
7 20 
7 21 
7 23 
8 16 
8 18 
8 9 
8 11 
8 14 
8 15 
9 11 
9 13 
9 14 
9 15 
9 17 
9 18 
9 20 
9 21 
9 23 
10 18 
10 19 
10 21 
11 14 
11 15 
11 16 
11 17 
11 18 
11 20 
11 22 
11 23 
12 17 
12 18 
12 19 
12 21 
12 22 
12 23 
12 13 
13 17 
13 19 
13 20 
13 23 
13 14 
13 15 
14 17 
15 16 
15 19 
15 20 
15 22 
16 17 
16 18 
16 19 
16 21 
16 22 
17 18 
17 20 
17 21 
18 19 
18 21 
18 22 
19 22 
21 23 
22 23 
