1 2 
1 6 
1 8 
1 12 
2 32 
2 5 
3 17 
3 6 
3 26 
3 10 
3 12 
3 14 
3 15 
4 18 
4 19 
4 20 
4 5 
4 21 
4 11 
4 29 
4 30 
5 22 
6 17 
6 10 
6 27 
6 12 
6 30 
7 21 
7 29 
8 18 
8 19 
8 22 
8 15 
9 19 
9 21 
9 23 
9 25 
9 10 
9 13 
10 16 
10 20 
10 25 
10 14 
10 15 
10 31 
11 25 
11 26 
11 13 
12 21 
12 13 
12 30 
13 17 
13 19 
13 25 
13 30 
14 22 
14 23 
14 26 
14 28 
15 29 
16 18 
16 23 
16 25 
18 30 
19 27 
20 22 
21 22 
21 26 
21 30 
22 26 
23 28 
23 29 
24 26 
24 30 
25 32 
26 27 
26 30 
27 32 
27 31 
28 32 
