1 2 
1 6 
1 8 
1 9 
1 10 
1 11 
1 12 
1 14 
1 16 
1 19 
1 20 
1 21 
1 23 
2 4 
2 6 
2 7 
2 13 
2 14 
2 16 
2 17 
2 18 
2 19 
2 20 
2 22 
2 23 
3 17 
3 19 
3 20 
3 22 
3 7 
3 10 
4 18 
4 19 
4 20 
4 5 
4 6 
4 22 
4 7 
5 17 
5 18 
5 19 
5 8 
5 10 
5 11 
5 13 
5 14 
6 8 
6 9 
6 10 
6 11 
6 12 
6 13 
6 14 
6 16 
6 18 
6 21 
6 22 
6 23 
7 8 
7 9 
7 10 
7 12 
7 13 
7 14 
7 15 
7 16 
7 20 
7 22 
8 17 
8 20 
8 23 
8 9 
8 12 
8 15 
9 17 
9 18 
9 20 
9 22 
9 10 
9 11 
9 14 
10 18 
10 23 
10 13 
10 14 
10 15 
11 19 
11 20 
11 22 
11 12 
11 13 
12 20 
12 21 
12 23 
12 14 
12 15 
13 18 
13 23 
13 14 
14 16 
14 18 
14 19 
14 23 
15 16 
15 19 
15 21 
16 17 
16 20 
16 22 
16 23 
17 19 
17 20 
17 23 
18 21 
18 22 
18 23 
19 22 
20 22 
21 22 
21 23 
