1 16 
1 32 
1 20 
1 5 
1 6 
1 8 
1 9 
1 25 
1 26 
1 11 
1 12 
1 15 
2 3 
2 19 
2 23 
2 7 
2 8 
2 11 
2 30 
3 21 
3 6 
3 23 
3 24 
3 10 
3 27 
3 28 
4 21 
4 6 
4 24 
4 29 
4 31 
5 17 
5 7 
5 10 
5 27 
5 11 
5 12 
5 29 
5 13 
5 14 
5 15 
6 32 
6 19 
6 24 
6 8 
6 9 
6 10 
6 12 
6 28 
7 17 
7 18 
7 9 
7 11 
7 15 
8 16 
8 20 
8 21 
8 14 
8 30 
8 15 
9 32 
9 18 
9 22 
9 28 
9 29 
10 17 
10 24 
10 26 
10 13 
10 31 
11 23 
11 24 
11 29 
11 13 
12 32 
12 18 
12 19 
12 21 
12 22 
12 24 
12 14 
12 30 
13 19 
13 20 
13 14 
13 31 
14 17 
14 18 
14 21 
14 31 
14 15 
15 32 
15 18 
15 20 
15 26 
15 28 
15 31 
16 17 
16 21 
16 23 
16 28 
16 29 
17 32 
17 22 
17 24 
17 28 
17 31 
18 19 
18 20 
18 23 
18 25 
18 30 
19 23 
19 24 
19 25 
19 26 
19 29 
19 30 
21 23 
21 25 
21 29 
21 30 
21 31 
22 32 
22 23 
22 26 
22 29 
23 32 
23 27 
24 25 
24 28 
24 29 
25 26 
25 27 
25 29 
26 28 
26 30 
27 31 
28 29 
28 31 
