1 32 
1 4 
1 28 
2 18 
2 20 
2 21 
2 6 
2 7 
2 9 
2 25 
2 14 
3 33 
3 7 
3 27 
3 14 
3 30 
4 34 
4 19 
4 21 
4 6 
4 14 
5 35 
5 21 
5 26 
5 28 
5 13 
6 8 
6 13 
7 32 
7 31 
8 32 
8 34 
8 27 
9 35 
9 22 
9 24 
9 27 
9 28 
9 14 
9 15 
10 22 
10 25 
11 19 
11 23 
11 27 
11 28 
11 13 
11 14 
12 17 
12 22 
12 27 
12 28 
12 13 
13 20 
13 27 
14 34 
14 19 
15 32 
15 17 
15 31 
16 33 
16 18 
16 20 
16 26 
16 28 
16 29 
17 21 
17 25 
17 27 
18 32 
18 23 
18 27 
19 26 
19 27 
19 31 
20 25 
20 27 
21 27 
22 33 
22 29 
24 34 
24 29 
25 32 
25 29 
26 30 
27 34 
28 29 
28 30 
29 35 
31 32 
