1 5 
1 23 
1 27 
2 9 
2 13 
2 29 
2 15 
3 18 
3 19 
3 22 
3 23 
3 8 
3 10 
3 11 
3 28 
4 18 
4 5 
4 23 
4 25 
4 11 
4 12 
4 14 
5 18 
5 20 
5 7 
5 29 
5 14 
6 20 
6 22 
6 7 
6 26 
6 28 
6 12 
6 14 
7 8 
7 25 
7 12 
7 13 
7 30 
8 13 
8 29 
9 16 
9 20 
9 10 
9 14 
10 22 
10 11 
10 30 
10 15 
11 17 
11 18 
11 21 
11 22 
11 14 
12 17 
12 26 
12 13 
12 29 
13 18 
13 21 
13 22 
13 23 
13 26 
13 28 
14 20 
14 25 
14 15 
15 26 
16 21 
16 22 
17 22 
17 24 
17 28 
18 24 
19 20 
20 24 
20 25 
20 27 
21 23 
21 29 
22 25 
22 26 
22 27 
22 28 
23 25 
23 27 
24 25 
24 26 
26 27 
29 30 
