1 16 
1 18 
1 3 
1 4 
1 24 
1 9 
1 28 
1 14 
2 19 
2 20 
2 23 
2 24 
2 27 
2 12 
2 29 
3 25 
4 23 
4 7 
4 8 
4 29 
4 15 
5 16 
5 20 
5 21 
5 22 
5 7 
5 24 
5 11 
5 13 
5 29 
6 18 
6 20 
6 26 
7 16 
7 19 
7 9 
7 15 
8 17 
8 12 
8 14 
9 19 
9 24 
9 13 
9 29 
10 18 
10 21 
10 22 
10 26 
10 27 
10 15 
11 21 
11 22 
12 19 
12 23 
12 13 
13 18 
13 26 
13 15 
14 18 
14 19 
14 21 
14 22 
14 25 
15 20 
16 17 
16 19 
16 21 
16 24 
16 28 
16 29 
17 20 
17 21 
19 21 
19 24 
19 26 
19 29 
20 22 
20 23 
20 29 
21 24 
21 29 
22 25 
22 26 
22 27 
23 27 
23 29 
24 26 
24 28 
26 27 
28 29 
