1 16 
1 3 
1 20 
1 21 
1 25 
2 16 
2 18 
2 3 
2 20 
2 24 
2 10 
2 11 
3 16 
3 17 
3 4 
3 7 
3 8 
3 25 
3 11 
3 14 
4 6 
4 22 
4 23 
4 7 
4 8 
4 25 
4 11 
4 13 
4 14 
5 16 
5 18 
5 8 
5 25 
5 12 
6 16 
6 20 
6 22 
6 24 
6 9 
6 11 
6 15 
7 19 
7 21 
7 8 
7 9 
7 11 
7 12 
7 14 
8 21 
8 25 
8 10 
9 19 
9 21 
9 11 
10 16 
10 18 
10 20 
10 22 
10 23 
10 11 
10 12 
11 16 
11 17 
11 14 
12 19 
12 20 
12 21 
12 22 
13 16 
13 19 
13 24 
13 25 
13 14 
14 17 
14 25 
15 16 
15 17 
15 18 
15 19 
15 21 
16 19 
16 21 
16 23 
17 19 
18 22 
18 24 
18 25 
20 23 
20 24 
22 24 
