1 18 
1 2 
1 20 
1 4 
1 6 
1 7 
1 8 
1 9 
1 26 
1 12 
1 13 
2 6 
2 8 
2 9 
2 13 
2 14 
2 16 
2 18 
2 19 
2 21 
2 22 
2 25 
2 26 
3 20 
3 7 
3 23 
3 8 
3 10 
3 11 
3 13 
3 15 
4 17 
4 18 
4 19 
4 5 
4 21 
4 22 
4 9 
4 25 
4 10 
4 11 
4 15 
5 16 
5 17 
5 18 
5 7 
5 9 
5 10 
5 11 
6 16 
6 18 
6 20 
6 22 
6 23 
6 10 
6 11 
7 16 
7 17 
7 21 
7 23 
7 9 
7 12 
8 9 
8 10 
8 12 
8 13 
8 14 
8 16 
8 17 
8 21 
8 22 
8 23 
9 16 
9 26 
9 11 
9 12 
9 14 
9 15 
10 16 
10 21 
10 11 
10 12 
11 12 
11 13 
11 16 
11 20 
11 21 
11 24 
11 26 
12 16 
12 17 
12 19 
12 20 
12 22 
12 14 
13 18 
13 20 
13 23 
13 24 
13 25 
13 26 
13 14 
14 21 
14 22 
14 26 
15 16 
15 17 
15 18 
15 19 
15 21 
15 22 
15 23 
15 24 
15 25 
16 18 
16 19 
16 22 
16 23 
16 24 
16 26 
17 19 
17 20 
17 23 
17 25 
17 26 
18 19 
18 20 
18 21 
18 24 
18 26 
19 20 
19 22 
19 26 
20 23 
20 24 
20 25 
20 26 
21 26 
23 25 
25 26 
