1 34 
1 3 
1 4 
1 21 
1 5 
1 9 
1 26 
1 11 
1 30 
1 31 
2 17 
2 34 
2 19 
2 6 
2 22 
2 23 
2 25 
2 26 
2 13 
2 30 
2 14 
3 16 
3 20 
3 7 
3 25 
4 32 
4 33 
4 7 
4 10 
4 31 
5 18 
5 20 
5 9 
6 16 
6 19 
6 22 
6 7 
6 9 
6 26 
7 18 
7 35 
7 22 
7 24 
7 10 
7 15 
8 27 
9 17 
9 19 
9 22 
9 26 
9 11 
9 28 
10 34 
10 26 
10 11 
10 27 
10 30 
11 16 
11 18 
11 34 
11 25 
11 29 
12 18 
12 27 
12 28 
12 30 
12 14 
13 32 
13 17 
13 35 
13 21 
13 23 
13 24 
13 30 
14 20 
14 21 
14 24 
14 28 
15 17 
15 35 
15 20 
15 23 
15 30 
16 34 
16 21 
16 23 
16 27 
17 32 
17 18 
17 34 
17 19 
17 25 
18 35 
18 19 
18 21 
18 26 
19 35 
19 25 
19 27 
19 28 
19 31 
20 29 
20 31 
21 32 
21 34 
21 22 
21 24 
21 30 
22 23 
22 24 
23 31 
24 32 
24 33 
24 25 
24 27 
24 28 
24 29 
25 32 
25 28 
26 35 
26 27 
26 29 
26 30 
28 33 
29 32 
29 30 
30 34 
31 33 
32 33 
32 35 
