1 32 
1 5 
1 23 
1 9 
1 25 
1 12 
1 14 
1 31 
2 16 
2 17 
2 3 
2 4 
2 5 
2 8 
2 9 
2 26 
2 12 
2 30 
3 17 
3 18 
3 19 
3 23 
3 8 
3 11 
4 16 
4 17 
4 5 
4 24 
4 12 
4 29 
5 17 
5 7 
5 12 
5 13 
5 14 
5 30 
5 15 
6 24 
6 8 
6 31 
7 19 
7 20 
7 24 
7 9 
7 30 
7 15 
8 24 
8 25 
9 32 
9 19 
9 25 
9 10 
9 29 
9 14 
10 32 
10 22 
10 23 
10 25 
10 12 
11 20 
11 22 
11 28 
11 30 
12 27 
12 29 
13 17 
14 16 
14 18 
14 19 
14 20 
14 25 
14 30 
14 31 
15 20 
15 27 
15 28 
16 32 
16 17 
17 18 
17 22 
17 23 
17 25 
17 31 
18 22 
19 32 
19 20 
19 21 
19 23 
19 28 
19 29 
19 30 
19 31 
20 22 
20 23 
20 28 
22 27 
25 26 
25 27 
25 31 
28 29 
