1 16 
1 2 
1 19 
1 4 
1 5 
1 8 
1 12 
1 14 
2 17 
2 18 
2 3 
2 19 
2 22 
2 23 
2 9 
2 14 
2 15 
3 16 
3 19 
3 4 
3 11 
3 12 
3 13 
3 14 
3 15 
4 6 
4 7 
4 8 
4 9 
4 11 
4 14 
4 16 
4 17 
4 18 
4 19 
4 23 
5 16 
5 18 
5 20 
5 21 
5 22 
5 23 
5 14 
6 17 
6 7 
6 9 
6 10 
6 12 
6 14 
7 17 
7 19 
7 23 
7 8 
7 10 
7 11 
7 15 
8 17 
8 18 
8 20 
8 21 
8 22 
8 9 
8 13 
8 14 
9 16 
9 18 
9 13 
9 14 
9 15 
10 16 
10 11 
10 14 
11 16 
11 20 
11 21 
11 12 
11 14 
12 16 
12 17 
12 18 
12 20 
12 23 
12 14 
12 15 
13 18 
13 14 
13 15 
14 15 
14 18 
14 19 
15 20 
16 23 
17 18 
17 20 
18 23 
19 20 
19 22 
20 22 
21 23 
22 23 
