1 16 
1 2 
1 18 
1 22 
1 6 
1 9 
1 11 
1 12 
1 14 
2 16 
2 3 
2 20 
2 4 
2 8 
2 25 
2 14 
2 15 
3 16 
3 17 
3 20 
3 21 
3 22 
3 7 
3 24 
3 10 
3 13 
3 14 
4 16 
4 18 
4 20 
4 21 
4 10 
4 26 
4 11 
4 15 
5 17 
5 19 
5 22 
5 23 
5 7 
5 24 
5 25 
5 26 
5 11 
5 13 
6 18 
6 19 
6 20 
6 21 
6 23 
6 8 
6 9 
6 10 
6 11 
6 12 
7 22 
7 23 
7 24 
7 25 
7 10 
7 26 
7 11 
7 13 
7 14 
8 17 
8 18 
8 9 
8 25 
8 26 
8 14 
9 18 
9 19 
9 20 
9 23 
9 12 
9 13 
9 14 
9 15 
10 12 
10 13 
10 16 
10 17 
10 19 
10 22 
10 23 
10 24 
10 26 
11 13 
11 14 
11 17 
11 18 
11 19 
11 20 
11 21 
11 22 
11 24 
11 25 
12 16 
12 17 
12 19 
12 20 
12 23 
12 26 
12 15 
13 16 
13 19 
13 22 
13 23 
13 25 
13 26 
14 21 
14 22 
14 23 
14 26 
15 17 
15 18 
15 21 
15 24 
15 25 
16 17 
16 18 
16 19 
16 22 
16 23 
16 24 
16 26 
17 18 
17 24 
18 24 
19 20 
19 22 
19 25 
21 26 
22 23 
22 25 
22 26 
23 24 
23 25 
23 26 
25 26 
