1 16 
1 22 
1 23 
1 7 
1 8 
1 24 
1 25 
1 11 
1 13 
2 3 
2 19 
2 5 
2 24 
2 25 
2 10 
2 27 
2 28 
2 12 
3 4 
3 23 
3 8 
3 9 
3 26 
3 28 
3 15 
4 17 
4 5 
4 6 
4 10 
4 27 
4 12 
4 13 
5 16 
5 24 
5 9 
5 26 
5 27 
5 15 
6 16 
6 20 
6 22 
6 8 
6 9 
6 12 
6 29 
6 14 
6 15 
7 17 
7 19 
7 20 
7 21 
7 8 
7 9 
7 25 
7 27 
7 13 
8 10 
8 11 
8 15 
8 16 
8 17 
8 19 
8 21 
8 22 
8 25 
8 27 
9 16 
9 17 
9 20 
9 25 
9 26 
9 27 
9 11 
10 16 
10 19 
10 21 
10 25 
10 11 
10 27 
10 28 
10 12 
10 29 
11 20 
11 25 
11 26 
11 12 
11 13 
12 16 
12 17 
12 19 
12 21 
12 26 
12 28 
13 15 
13 16 
13 18 
13 19 
13 20 
13 22 
13 23 
13 25 
13 26 
14 16 
14 17 
14 26 
14 27 
14 15 
15 16 
15 26 
15 29 
16 21 
16 23 
16 26 
17 19 
17 21 
17 24 
17 26 
17 28 
18 19 
18 22 
18 23 
18 25 
18 27 
18 28 
19 21 
19 24 
19 25 
19 26 
20 26 
21 27 
21 28 
22 24 
22 25 
22 26 
22 27 
23 24 
25 26 
26 28 
26 29 
27 29 
