1 2 
1 3 
1 4 
1 5 
1 6 
1 7 
1 8 
1 9 
1 11 
1 12 
1 14 
1 16 
1 17 
1 19 
1 20 
1 21 
1 22 
1 23 
2 3 
2 19 
2 20 
2 4 
2 22 
2 6 
2 23 
2 9 
2 12 
3 4 
3 5 
3 6 
3 7 
3 8 
3 10 
3 11 
3 14 
3 15 
3 17 
3 19 
3 22 
3 23 
4 17 
4 20 
4 6 
4 9 
4 11 
4 12 
4 13 
4 15 
5 17 
5 22 
5 6 
5 9 
5 10 
5 13 
5 14 
5 15 
6 8 
6 9 
6 10 
6 11 
6 12 
6 14 
6 17 
6 18 
6 20 
6 21 
7 16 
7 17 
7 18 
7 8 
7 11 
7 12 
7 15 
8 19 
8 20 
8 22 
8 10 
8 13 
8 14 
8 15 
9 16 
9 17 
9 20 
9 21 
9 23 
10 16 
10 17 
10 19 
10 11 
10 13 
11 12 
11 13 
11 14 
11 16 
11 18 
11 19 
11 20 
11 21 
11 23 
12 15 
12 16 
12 17 
12 18 
12 19 
12 20 
12 23 
13 18 
13 21 
13 22 
13 14 
14 16 
14 19 
14 20 
14 21 
14 23 
15 19 
15 20 
15 22 
16 21 
17 21 
17 22 
17 23 
18 21 
18 22 
19 22 
19 23 
20 21 
20 22 
20 23 
22 23 
