1 2 
1 4 
1 5 
1 9 
1 10 
1 11 
1 12 
1 13 
1 14 
1 16 
1 18 
1 20 
1 23 
2 19 
2 3 
2 4 
2 22 
2 6 
2 7 
2 9 
2 13 
2 15 
3 4 
3 5 
3 7 
3 8 
3 9 
3 11 
3 12 
3 14 
3 16 
3 17 
3 19 
3 20 
3 21 
4 20 
4 5 
4 10 
4 12 
4 14 
5 16 
5 18 
5 8 
5 9 
5 11 
5 13 
5 14 
5 15 
6 19 
6 20 
6 21 
6 7 
6 9 
6 10 
6 12 
6 13 
6 15 
7 16 
7 18 
7 19 
7 22 
7 8 
7 9 
7 10 
7 12 
7 13 
8 16 
8 19 
8 20 
8 23 
8 12 
8 13 
9 16 
9 22 
9 23 
9 12 
9 13 
9 15 
10 16 
10 11 
10 12 
10 13 
11 17 
11 19 
11 20 
11 21 
11 22 
11 14 
12 14 
12 16 
12 17 
12 19 
12 20 
12 21 
13 18 
13 19 
13 20 
13 14 
14 16 
14 19 
14 20 
14 15 
15 16 
15 17 
15 19 
15 20 
15 21 
16 17 
16 18 
16 20 
16 21 
17 20 
17 21 
17 23 
18 19 
19 20 
20 21 
20 22 
21 22 
22 23 
