1 34 
1 3 
1 21 
1 6 
1 9 
1 12 
2 32 
2 19 
3 4 
3 20 
3 6 
3 7 
3 9 
3 27 
3 12 
4 32 
4 19 
4 12 
4 29 
5 16 
5 35 
5 11 
5 15 
6 17 
6 25 
6 15 
7 32 
7 18 
7 35 
7 27 
7 29 
7 31 
8 20 
8 21 
8 26 
8 12 
9 27 
9 29 
9 13 
10 34 
10 21 
11 22 
11 26 
11 31 
12 23 
12 25 
12 13 
12 31 
12 15 
13 23 
13 24 
13 25 
13 27 
14 21 
14 15 
15 34 
15 27 
16 32 
16 33 
16 26 
17 21 
17 23 
17 25 
17 29 
18 33 
19 32 
19 33 
19 20 
19 26 
20 35 
20 31 
21 32 
21 22 
21 31 
22 33 
22 23 
22 31 
23 34 
23 28 
24 26 
26 32 
26 28 
26 30 
27 31 
28 30 
29 34 
29 31 
31 32 
31 34 
32 35 
