1 16 
1 17 
1 2 
1 6 
2 4 
2 21 
2 23 
2 24 
2 10 
2 27 
2 29 
2 13 
2 31 
3 6 
3 25 
3 11 
3 28 
3 13 
3 31 
4 32 
4 17 
4 24 
4 9 
4 11 
4 28 
5 17 
5 8 
5 11 
5 28 
5 12 
6 33 
6 25 
6 11 
6 15 
7 32 
7 34 
7 13 
7 30 
8 35 
8 22 
8 26 
8 30 
8 31 
9 17 
9 35 
10 12 
10 30 
10 14 
11 16 
11 19 
11 24 
11 12 
12 17 
12 34 
12 19 
12 22 
12 24 
12 31 
13 19 
13 28 
14 33 
14 19 
14 15 
15 18 
16 18 
16 26 
16 29 
17 25 
17 28 
17 29 
17 31 
18 32 
18 19 
18 20 
18 21 
18 27 
18 31 
19 32 
19 27 
19 30 
20 32 
20 24 
20 30 
21 22 
22 34 
22 25 
22 26 
23 28 
23 30 
24 33 
24 25 
24 30 
24 31 
25 34 
25 30 
26 33 
26 34 
26 27 
27 31 
28 34 
28 29 
28 30 
29 32 
29 33 
29 30 
30 34 
30 35 
30 31 
32 33 
33 35 
