1 2 
1 3 
1 20 
1 4 
1 21 
1 22 
1 7 
1 23 
1 11 
1 14 
2 18 
2 19 
2 20 
2 4 
2 7 
2 23 
2 9 
2 12 
2 13 
2 15 
3 19 
3 5 
3 6 
3 23 
3 8 
3 10 
3 11 
3 12 
3 13 
3 14 
3 15 
4 5 
4 9 
4 10 
4 12 
4 13 
4 17 
4 18 
4 19 
4 20 
4 21 
4 23 
5 16 
5 21 
5 7 
5 23 
5 8 
5 12 
6 18 
6 9 
6 12 
6 13 
6 14 
7 16 
7 17 
7 21 
7 23 
7 8 
7 10 
7 12 
8 16 
8 18 
8 20 
8 23 
8 10 
8 11 
8 13 
8 14 
8 15 
9 18 
9 19 
9 23 
9 11 
9 12 
10 16 
10 17 
10 19 
10 20 
10 23 
10 11 
10 15 
11 16 
11 18 
11 20 
11 13 
12 18 
13 14 
13 16 
13 17 
13 19 
13 20 
13 21 
13 23 
14 16 
14 17 
14 18 
14 22 
14 23 
14 15 
15 18 
15 23 
16 17 
16 18 
16 19 
16 20 
16 21 
16 22 
17 18 
17 20 
17 21 
18 19 
18 20 
19 22 
19 23 
20 21 
20 22 
20 23 
21 22 
21 23 
22 23 
