1 2 
1 4 
1 5 
1 7 
1 9 
1 14 
1 18 
1 19 
1 20 
1 21 
1 25 
1 26 
1 29 
2 16 
2 18 
2 4 
2 20 
2 5 
2 7 
2 23 
2 24 
2 25 
2 26 
3 22 
3 24 
3 26 
3 12 
3 29 
3 14 
4 17 
4 19 
4 20 
4 9 
4 26 
4 10 
4 27 
4 11 
5 7 
5 9 
5 10 
5 11 
5 16 
5 17 
5 20 
5 21 
5 24 
5 26 
5 28 
5 29 
6 16 
6 18 
6 20 
6 8 
6 9 
6 10 
6 26 
6 29 
6 14 
6 15 
7 8 
7 10 
7 11 
7 13 
8 19 
8 21 
8 25 
9 20 
9 10 
9 11 
9 28 
9 15 
10 17 
10 23 
10 24 
10 26 
10 11 
10 13 
11 12 
11 15 
11 17 
11 18 
11 19 
11 24 
11 28 
11 29 
12 16 
12 17 
12 21 
12 24 
12 25 
12 29 
12 15 
13 18 
13 24 
13 27 
13 15 
14 17 
14 18 
14 19 
14 15 
15 18 
15 20 
15 23 
15 26 
15 29 
16 17 
16 18 
16 20 
16 21 
16 25 
16 27 
17 19 
17 20 
17 23 
17 28 
17 29 
18 23 
18 24 
18 25 
19 25 
19 27 
19 28 
19 29 
20 22 
20 23 
20 24 
20 29 
21 22 
21 25 
21 28 
23 25 
23 27 
23 28 
24 27 
25 26 
25 28 
26 27 
26 28 
27 28 
28 29 
