1 19 
1 9 
1 26 
1 30 
1 31 
2 3 
2 6 
2 9 
2 26 
2 13 
2 14 
2 30 
2 15 
3 4 
3 21 
3 23 
3 9 
3 12 
4 16 
4 21 
4 24 
4 9 
4 25 
4 26 
5 6 
5 10 
5 28 
5 29 
5 31 
6 19 
7 16 
7 8 
7 26 
7 27 
8 20 
8 27 
8 12 
8 31 
9 19 
9 22 
9 23 
9 25 
9 26 
9 29 
9 13 
9 30 
10 20 
10 21 
10 23 
10 24 
10 25 
10 12 
11 16 
11 32 
11 22 
11 27 
11 12 
11 29 
11 14 
11 15 
12 32 
12 23 
12 27 
13 22 
13 14 
14 16 
14 19 
14 22 
14 23 
14 15 
15 32 
15 17 
16 19 
16 24 
16 25 
16 26 
17 22 
17 25 
18 27 
19 21 
19 22 
19 23 
19 27 
19 29 
20 26 
20 30 
21 24 
21 27 
21 29 
21 31 
22 28 
24 26 
24 28 
24 30 
25 30 
26 28 
27 29 
27 30 
27 31 
28 30 
