1 16 
1 17 
1 2 
1 4 
1 21 
1 22 
1 23 
1 7 
1 25 
1 10 
1 11 
1 13 
2 3 
2 4 
2 5 
2 6 
2 7 
2 8 
2 10 
2 11 
2 17 
2 20 
2 21 
2 22 
2 24 
3 21 
3 5 
3 6 
3 22 
3 24 
3 8 
3 9 
3 11 
3 14 
3 15 
4 7 
4 10 
4 11 
4 12 
4 13 
4 14 
4 15 
4 18 
4 20 
4 21 
4 24 
5 6 
5 10 
5 11 
5 13 
5 14 
5 15 
5 16 
5 17 
5 19 
5 20 
5 21 
5 24 
6 8 
6 9 
6 10 
6 13 
6 14 
6 15 
6 16 
6 17 
6 18 
6 20 
6 21 
6 23 
6 24 
7 19 
7 20 
7 22 
7 23 
7 8 
7 24 
7 25 
7 9 
7 11 
8 20 
8 22 
8 24 
8 25 
8 10 
8 13 
8 15 
9 16 
9 19 
9 23 
9 24 
9 25 
9 14 
10 11 
10 12 
10 15 
10 16 
10 18 
10 20 
10 21 
10 23 
11 16 
11 19 
11 20 
11 21 
11 24 
11 25 
12 19 
12 21 
12 22 
12 23 
12 25 
12 14 
13 16 
13 18 
13 19 
13 22 
13 23 
13 24 
14 20 
14 15 
15 17 
15 19 
15 21 
15 23 
15 25 
16 17 
16 19 
16 20 
16 22 
16 25 
17 20 
17 22 
17 24 
17 25 
18 19 
18 21 
18 25 
19 20 
19 21 
19 22 
19 25 
20 21 
20 23 
20 24 
20 25 
21 24 
22 23 
23 25 
24 25 
