1 16 
1 17 
1 2 
1 24 
1 25 
1 27 
1 13 
1 14 
2 11 
2 12 
2 28 
2 15 
3 19 
3 27 
3 28 
4 16 
4 5 
4 27 
4 12 
5 21 
5 23 
5 8 
5 25 
5 10 
5 12 
6 8 
6 9 
6 11 
6 13 
6 29 
6 15 
7 22 
7 27 
7 11 
8 22 
8 24 
8 28 
8 13 
9 19 
9 10 
10 16 
10 19 
10 23 
10 12 
10 29 
11 17 
12 22 
13 17 
13 24 
13 26 
14 17 
14 22 
14 25 
15 16 
15 19 
15 23 
15 24 
15 26 
15 27 
15 28 
16 21 
16 22 
16 24 
16 28 
17 22 
17 24 
18 24 
18 28 
19 24 
20 25 
20 26 
22 25 
23 24 
23 25 
23 26 
24 25 
24 26 
24 27 
25 27 
26 27 
