1 20 
1 4 
1 7 
1 8 
1 24 
1 25 
1 11 
1 12 
1 13 
1 15 
2 3 
2 5 
2 6 
2 7 
2 8 
2 9 
2 10 
2 14 
2 15 
2 16 
2 19 
2 20 
2 21 
2 24 
3 16 
3 4 
3 20 
3 26 
3 11 
3 14 
4 6 
4 7 
4 8 
4 11 
4 12 
4 13 
4 14 
4 16 
4 19 
4 20 
4 23 
4 24 
5 18 
5 7 
5 24 
5 9 
5 25 
5 12 
5 13 
5 14 
6 16 
6 18 
6 20 
6 7 
6 23 
6 24 
6 26 
6 10 
6 13 
6 15 
7 9 
7 10 
7 11 
7 14 
7 16 
7 19 
7 20 
7 21 
7 24 
8 19 
8 21 
8 23 
8 24 
8 9 
8 25 
8 26 
8 14 
9 10 
9 11 
9 13 
9 14 
9 17 
9 19 
9 21 
9 22 
9 24 
9 25 
9 26 
10 17 
10 21 
10 22 
10 11 
10 15 
11 13 
11 14 
11 15 
11 21 
11 22 
11 23 
11 25 
11 26 
12 16 
12 17 
12 18 
12 21 
12 23 
12 13 
12 14 
13 17 
13 22 
13 23 
13 14 
13 15 
14 15 
14 17 
14 18 
14 19 
14 20 
14 24 
15 18 
15 19 
15 22 
15 26 
16 18 
16 19 
16 21 
16 22 
16 26 
17 21 
17 24 
17 26 
18 21 
18 23 
18 24 
18 26 
19 20 
19 21 
19 24 
20 21 
20 22 
20 23 
20 24 
20 25 
21 24 
21 25 
22 23 
23 24 
23 26 
24 25 
25 26 
