1 2 
1 3 
1 5 
1 6 
1 7 
1 8 
1 9 
1 15 
1 16 
1 17 
1 22 
1 23 
1 25 
2 16 
2 19 
2 20 
2 8 
2 25 
2 9 
2 11 
2 14 
3 4 
3 6 
3 8 
3 9 
3 11 
3 13 
3 14 
3 20 
3 21 
3 23 
3 24 
3 25 
4 20 
4 21 
4 6 
4 24 
4 8 
4 13 
4 14 
4 15 
5 19 
5 20 
5 21 
5 6 
5 22 
5 23 
5 24 
5 25 
5 10 
5 11 
5 12 
6 8 
6 17 
6 18 
6 19 
6 21 
6 22 
6 23 
6 25 
6 26 
7 22 
7 23 
7 10 
7 11 
7 13 
8 18 
8 23 
8 24 
8 25 
8 9 
8 26 
8 14 
9 10 
9 11 
9 12 
9 13 
9 18 
9 19 
9 23 
9 24 
9 25 
10 17 
10 20 
10 23 
10 26 
10 11 
10 15 
11 16 
11 19 
11 21 
11 25 
12 18 
12 25 
12 14 
12 15 
13 16 
13 18 
13 19 
13 20 
13 21 
13 22 
13 24 
14 18 
14 21 
14 22 
14 24 
14 25 
14 15 
15 18 
15 20 
15 23 
15 24 
15 25 
15 26 
16 17 
16 18 
16 22 
16 23 
17 18 
17 19 
17 22 
17 24 
18 20 
18 23 
18 24 
19 21 
19 22 
19 24 
20 22 
21 22 
21 23 
21 24 
21 25 
22 23 
22 25 
23 24 
23 26 
24 26 
25 26 
