1 18 
1 4 
1 20 
1 24 
1 8 
1 14 
2 19 
2 20 
2 4 
2 5 
2 23 
2 24 
2 9 
2 11 
2 15 
3 21 
3 22 
3 23 
3 25 
3 9 
4 17 
4 5 
4 10 
4 26 
4 12 
4 15 
5 18 
5 23 
5 26 
5 10 
5 12 
5 15 
6 18 
6 7 
6 23 
7 22 
7 8 
7 26 
7 11 
7 12 
8 18 
8 20 
8 26 
8 11 
8 12 
8 13 
9 20 
9 13 
9 14 
9 15 
10 16 
10 18 
10 26 
10 14 
11 16 
11 17 
11 21 
11 23 
11 13 
12 18 
12 21 
12 25 
12 26 
12 14 
12 15 
13 19 
13 20 
13 21 
14 16 
14 20 
14 25 
14 26 
14 15 
15 17 
15 22 
15 23 
16 17 
17 19 
17 23 
18 20 
18 21 
19 20 
19 24 
20 22 
20 25 
22 25 
23 24 
24 25 
24 26 
25 26 
