1 17 
1 18 
1 4 
1 20 
1 22 
1 10 
1 26 
1 11 
1 29 
1 15 
2 16 
2 19 
2 20 
2 21 
2 6 
2 7 
2 26 
2 10 
2 11 
2 27 
2 28 
2 29 
3 4 
3 20 
3 23 
3 25 
3 10 
3 27 
3 29 
3 14 
3 30 
4 16 
4 17 
4 20 
4 8 
4 9 
4 13 
4 30 
5 19 
5 23 
5 7 
5 24 
5 26 
5 10 
5 27 
5 30 
5 14 
6 17 
6 19 
6 9 
6 10 
6 11 
6 28 
6 30 
6 15 
7 17 
7 19 
7 20 
7 9 
7 11 
7 12 
7 14 
8 23 
8 26 
8 28 
8 12 
8 13 
8 30 
8 15 
9 13 
9 14 
9 16 
9 19 
9 22 
9 23 
9 24 
9 25 
9 29 
9 30 
10 16 
10 17 
10 26 
10 12 
11 13 
11 14 
11 18 
11 20 
11 21 
11 22 
11 23 
11 25 
11 27 
11 30 
12 16 
12 17 
12 20 
12 26 
12 27 
12 30 
13 16 
13 20 
13 22 
13 25 
13 26 
13 29 
14 18 
14 19 
14 24 
14 29 
14 15 
15 16 
15 18 
15 23 
15 24 
15 27 
15 28 
15 30 
16 17 
16 18 
16 21 
16 26 
17 18 
17 20 
17 22 
17 30 
18 21 
18 27 
18 29 
19 23 
19 26 
19 28 
19 29 
20 21 
20 25 
20 27 
21 23 
21 26 
21 28 
22 23 
22 27 
22 29 
23 25 
23 26 
24 27 
25 26 
25 29 
26 28 
26 29 
28 29 
28 30 
