1 17 
1 2 
1 18 
1 4 
1 22 
1 8 
1 9 
1 10 
1 11 
1 15 
2 16 
2 4 
2 20 
2 9 
2 11 
2 13 
3 18 
3 19 
3 21 
3 10 
3 11 
3 14 
3 15 
4 5 
4 6 
4 8 
4 9 
4 11 
4 13 
4 14 
4 15 
4 16 
4 19 
4 20 
4 22 
4 25 
4 26 
5 6 
5 22 
5 7 
5 23 
5 24 
5 8 
5 25 
5 26 
5 10 
5 12 
5 13 
6 16 
6 19 
6 20 
6 21 
6 22 
6 23 
6 7 
6 25 
6 11 
6 12 
7 8 
7 9 
7 11 
7 13 
7 14 
7 15 
7 16 
7 18 
7 19 
7 21 
7 23 
7 25 
7 26 
8 9 
8 12 
8 13 
8 14 
8 15 
8 16 
8 18 
8 20 
8 23 
8 24 
9 10 
9 11 
9 12 
9 13 
9 16 
9 20 
9 21 
9 25 
10 12 
10 13 
10 15 
10 16 
10 18 
10 19 
10 23 
10 24 
10 26 
11 12 
12 14 
12 16 
12 17 
12 19 
12 22 
12 23 
12 24 
13 17 
13 19 
13 20 
13 21 
13 23 
13 25 
14 17 
14 20 
14 22 
14 23 
14 26 
14 15 
15 17 
15 19 
15 20 
15 21 
15 23 
15 25 
16 23 
17 20 
17 24 
17 26 
18 20 
18 23 
18 26 
19 20 
19 21 
19 24 
19 25 
19 26 
20 21 
20 22 
20 23 
20 25 
21 22 
21 24 
21 25 
21 26 
22 25 
22 26 
23 24 
23 25 
24 26 
25 26 
