1 4 
1 5 
1 6 
1 7 
1 8 
1 10 
1 11 
1 12 
1 14 
1 15 
1 16 
1 19 
1 20 
1 22 
2 16 
2 17 
2 20 
2 4 
2 22 
2 11 
2 13 
2 15 
3 17 
3 18 
3 19 
3 20 
3 21 
3 22 
3 7 
3 8 
3 12 
3 15 
4 17 
4 18 
4 19 
4 20 
4 6 
4 7 
4 8 
4 10 
4 11 
4 14 
5 17 
5 21 
5 7 
5 23 
5 8 
5 11 
5 14 
5 15 
6 16 
6 18 
6 20 
6 23 
6 7 
6 12 
7 21 
7 22 
7 23 
7 8 
7 9 
8 16 
8 18 
8 19 
8 20 
8 9 
8 12 
8 13 
9 16 
9 18 
9 19 
9 22 
9 23 
9 10 
9 11 
9 12 
9 13 
9 14 
10 16 
10 17 
10 18 
10 19 
10 20 
10 11 
10 13 
11 16 
11 14 
11 15 
12 17 
12 22 
13 19 
13 22 
14 16 
14 20 
14 22 
14 23 
15 16 
16 20 
16 22 
16 23 
17 18 
17 20 
17 21 
17 23 
18 20 
19 21 
19 22 
20 21 
20 23 
21 22 
