1 2 
1 3 
1 19 
1 4 
1 26 
1 10 
2 3 
2 4 
2 6 
2 9 
2 10 
2 11 
2 12 
2 15 
2 18 
2 24 
2 25 
2 30 
3 17 
3 20 
3 23 
3 24 
3 9 
3 10 
3 26 
3 11 
3 30 
3 14 
4 17 
4 20 
4 5 
4 6 
4 23 
4 24 
4 8 
4 25 
4 10 
4 29 
5 17 
5 19 
5 22 
5 7 
5 24 
5 29 
5 15 
6 17 
6 19 
6 24 
6 11 
6 13 
6 14 
6 30 
7 20 
7 21 
7 22 
7 24 
7 9 
7 26 
7 11 
7 13 
7 14 
7 30 
8 16 
8 18 
8 9 
8 10 
8 11 
8 28 
8 13 
8 14 
9 19 
9 22 
9 26 
9 10 
9 11 
9 27 
9 14 
9 15 
10 16 
10 12 
10 30 
10 15 
11 23 
11 28 
11 13 
11 30 
11 15 
12 17 
12 19 
12 23 
12 25 
12 28 
12 29 
12 14 
13 17 
13 21 
13 22 
13 23 
13 26 
14 21 
14 22 
14 23 
14 24 
14 28 
15 18 
15 19 
15 21 
15 23 
15 24 
16 19 
16 20 
16 23 
16 29 
17 18 
17 23 
17 25 
17 26 
17 27 
17 28 
17 29 
17 30 
18 23 
18 24 
18 26 
18 27 
18 29 
18 30 
19 21 
19 24 
20 26 
20 27 
21 24 
22 23 
22 30 
23 24 
23 26 
23 27 
23 28 
23 29 
23 30 
24 25 
24 26 
24 29 
25 26 
25 30 
26 27 
26 30 
27 28 
27 29 
27 30 
