1 16 
1 3 
1 19 
1 21 
1 6 
1 27 
1 13 
2 17 
2 6 
2 25 
2 15 
3 18 
3 20 
3 4 
3 21 
3 8 
3 9 
3 10 
3 26 
3 11 
4 19 
4 5 
4 7 
4 23 
4 24 
4 9 
4 10 
4 12 
5 16 
5 22 
5 23 
5 24 
5 8 
5 9 
5 25 
5 26 
5 27 
5 12 
5 14 
6 17 
6 18 
6 21 
6 22 
6 9 
6 10 
6 13 
7 19 
7 25 
7 12 
7 28 
7 14 
8 16 
8 19 
8 23 
8 28 
8 12 
8 29 
8 15 
9 16 
9 17 
9 19 
9 25 
9 27 
9 12 
9 29 
9 13 
10 20 
10 25 
10 11 
10 15 
11 16 
11 20 
11 24 
11 12 
12 16 
12 20 
12 23 
12 27 
12 13 
12 29 
13 17 
13 19 
13 22 
13 23 
13 28 
13 14 
14 24 
14 25 
14 26 
14 28 
15 19 
15 20 
15 26 
15 28 
16 19 
16 23 
16 24 
16 29 
17 18 
17 20 
17 24 
17 28 
18 21 
18 24 
18 27 
18 28 
19 20 
19 26 
19 28 
20 25 
21 22 
21 28 
21 29 
22 23 
22 25 
22 28 
23 24 
23 25 
24 29 
25 28 
