1 2 
1 3 
1 5 
1 8 
1 10 
1 11 
1 12 
1 13 
1 15 
1 16 
1 17 
1 18 
1 19 
2 16 
2 17 
2 18 
2 3 
2 20 
2 6 
2 7 
2 9 
2 12 
3 4 
3 5 
3 6 
3 7 
3 8 
3 9 
3 10 
3 12 
3 14 
3 16 
3 17 
3 18 
3 19 
3 20 
4 5 
4 6 
4 7 
4 8 
4 10 
4 12 
4 13 
4 14 
4 16 
4 17 
4 18 
4 19 
5 18 
5 20 
5 7 
5 8 
5 9 
5 12 
5 13 
6 17 
6 18 
6 20 
6 7 
6 9 
6 11 
6 12 
6 14 
6 15 
7 17 
7 19 
7 10 
7 12 
7 14 
7 15 
8 9 
8 10 
8 12 
8 13 
8 14 
8 16 
8 17 
8 18 
8 19 
9 10 
9 11 
9 12 
9 13 
9 14 
9 15 
9 16 
9 17 
9 18 
9 19 
10 16 
10 17 
10 19 
10 20 
10 11 
10 14 
11 17 
11 18 
11 20 
11 13 
11 15 
12 14 
12 15 
12 16 
12 19 
13 19 
13 20 
13 14 
14 15 
14 16 
14 18 
14 19 
15 16 
15 18 
15 19 
15 20 
16 17 
17 19 
17 20 
18 20 
19 20 
