1 20 
1 22 
1 29 
1 31 
2 32 
2 18 
2 22 
2 9 
2 25 
2 26 
2 29 
3 18 
3 22 
3 23 
3 15 
3 31 
4 16 
4 17 
4 5 
4 21 
4 6 
4 24 
5 20 
5 6 
5 9 
5 27 
6 17 
6 24 
6 25 
6 10 
6 11 
6 30 
7 16 
7 32 
7 28 
8 17 
8 23 
8 24 
8 12 
8 31 
9 25 
10 16 
10 19 
10 22 
10 12 
10 15 
11 17 
11 20 
11 23 
11 12 
11 31 
12 20 
12 22 
12 24 
12 26 
12 27 
12 13 
12 31 
13 17 
13 20 
13 30 
13 31 
14 26 
14 27 
15 16 
15 19 
15 25 
15 27 
16 18 
16 19 
16 20 
16 21 
16 23 
17 22 
17 26 
17 29 
18 21 
18 25 
18 29 
18 30 
19 27 
21 23 
21 30 
23 32 
23 24 
23 26 
24 32 
24 29 
26 30 
26 31 
