1 20 
1 21 
1 6 
1 7 
1 8 
1 9 
1 11 
1 13 
1 14 
2 19 
2 3 
2 5 
2 21 
2 6 
2 23 
2 7 
2 26 
2 12 
2 15 
3 16 
3 17 
3 21 
3 23 
3 7 
3 24 
3 25 
3 10 
3 12 
3 13 
3 15 
4 19 
4 20 
4 9 
5 19 
5 22 
5 7 
5 24 
5 8 
5 9 
5 15 
6 7 
6 25 
6 11 
6 15 
7 8 
7 14 
7 15 
7 19 
7 20 
7 23 
7 24 
7 25 
8 18 
8 19 
8 20 
8 24 
8 9 
8 26 
8 13 
9 16 
9 17 
9 18 
9 19 
9 20 
9 24 
9 11 
9 15 
10 16 
10 17 
10 18 
10 22 
10 24 
10 25 
10 26 
10 12 
10 15 
11 16 
11 18 
11 20 
11 22 
11 24 
12 18 
12 20 
12 22 
12 26 
12 14 
13 18 
13 23 
14 17 
14 23 
14 26 
14 15 
15 16 
15 19 
15 20 
16 18 
16 22 
17 25 
18 22 
18 23 
18 25 
19 23 
19 25 
20 21 
20 26 
22 23 
22 25 
22 26 
24 26 
25 26 
