1 16 
1 18 
1 19 
1 5 
1 21 
1 22 
1 23 
1 9 
1 26 
1 14 
2 16 
2 18 
2 19 
2 3 
2 4 
2 5 
2 22 
2 8 
2 25 
2 10 
2 15 
3 16 
3 19 
3 7 
3 24 
3 9 
3 25 
3 10 
3 26 
3 11 
3 14 
3 15 
4 16 
4 17 
4 7 
4 8 
4 24 
4 25 
4 10 
4 11 
4 15 
5 16 
5 18 
5 20 
5 6 
5 22 
5 23 
5 24 
5 25 
5 14 
6 17 
6 22 
6 23 
6 7 
6 13 
6 14 
7 24 
7 9 
7 13 
7 14 
8 16 
8 19 
8 20 
8 24 
8 10 
8 26 
8 12 
9 16 
9 17 
9 18 
9 21 
9 22 
9 23 
9 24 
9 10 
9 12 
10 18 
10 20 
10 22 
10 12 
10 15 
11 19 
11 20 
11 21 
11 23 
11 24 
11 14 
11 15 
12 19 
12 22 
12 25 
13 17 
13 18 
13 20 
13 21 
13 23 
13 25 
13 26 
13 15 
14 16 
14 20 
14 23 
14 26 
14 15 
15 19 
15 20 
15 21 
15 22 
15 23 
15 24 
15 25 
16 18 
16 19 
17 18 
17 22 
17 24 
18 20 
18 26 
19 20 
19 25 
20 21 
20 23 
20 24 
20 25 
21 25 
21 26 
22 24 
23 24 
23 25 
24 25 
