1 32 
1 18 
1 2 
1 3 
1 6 
1 7 
1 24 
1 10 
1 28 
1 13 
1 30 
1 31 
2 18 
2 19 
2 6 
2 23 
2 26 
2 28 
2 14 
3 32 
3 17 
3 19 
3 35 
3 4 
3 22 
3 23 
3 8 
3 25 
3 11 
3 14 
4 16 
4 19 
4 20 
4 5 
4 27 
4 11 
4 30 
4 31 
4 15 
5 32 
5 16 
5 33 
5 26 
5 13 
5 29 
5 31 
6 32 
6 7 
6 28 
6 30 
6 15 
7 33 
7 34 
7 35 
7 10 
7 15 
7 16 
7 22 
7 25 
7 27 
7 29 
7 30 
8 34 
8 18 
8 22 
8 23 
8 12 
8 28 
8 14 
9 34 
9 22 
9 11 
9 30 
9 14 
9 31 
10 16 
10 12 
10 13 
10 30 
11 34 
11 19 
11 20 
11 23 
11 27 
11 13 
11 29 
12 32 
12 19 
12 21 
12 26 
12 28 
12 13 
13 23 
13 27 
14 33 
14 35 
14 16 
14 19 
14 21 
14 26 
14 27 
14 30 
14 31 
15 23 
15 28 
16 32 
16 17 
16 24 
16 26 
16 27 
16 30 
17 35 
17 19 
17 25 
17 29 
18 33 
18 30 
19 20 
19 22 
19 28 
20 32 
20 34 
20 35 
20 21 
20 26 
20 28 
20 31 
21 34 
21 23 
21 29 
22 27 
23 32 
23 33 
23 29 
24 33 
24 26 
25 31 
26 30 
26 31 
27 35 
27 28 
27 29 
28 34 
28 29 
29 34 
29 31 
31 32 
31 35 
32 35 
34 35 
