1 3 
1 19 
1 20 
1 22 
1 23 
1 8 
1 25 
1 13 
2 16 
2 17 
2 19 
2 4 
2 5 
2 6 
2 23 
2 7 
2 25 
2 9 
2 26 
3 19 
3 21 
3 6 
3 22 
3 8 
3 10 
3 14 
4 17 
4 19 
4 20 
4 5 
4 21 
4 6 
4 7 
4 8 
4 12 
4 13 
4 14 
5 16 
5 20 
5 22 
5 6 
5 8 
5 9 
5 26 
5 10 
5 12 
6 19 
6 21 
6 22 
6 24 
6 9 
6 26 
6 11 
6 14 
7 21 
7 22 
7 12 
8 20 
8 23 
8 24 
8 25 
8 26 
8 14 
9 16 
9 17 
9 21 
9 23 
9 24 
9 11 
10 12 
10 13 
10 14 
10 15 
10 16 
10 17 
10 19 
10 20 
10 22 
10 23 
10 24 
11 18 
11 23 
11 24 
11 12 
11 14 
12 16 
12 17 
12 23 
12 25 
12 26 
12 15 
13 17 
13 22 
13 25 
14 16 
14 22 
14 24 
14 25 
15 17 
15 18 
15 21 
15 25 
16 23 
16 24 
17 18 
18 19 
18 20 
19 20 
19 24 
20 22 
20 24 
20 25 
21 22 
21 24 
21 25 
22 26 
23 24 
23 26 
24 25 
25 26 
