1 16 
1 2 
1 18 
1 19 
1 5 
1 6 
1 7 
1 8 
1 9 
1 13 
2 16 
2 18 
2 5 
2 6 
2 7 
2 8 
2 9 
2 10 
2 11 
2 12 
2 13 
3 16 
3 17 
3 19 
3 5 
3 6 
3 8 
3 9 
3 10 
3 11 
3 15 
4 16 
4 18 
4 19 
4 5 
4 7 
4 11 
4 13 
4 14 
5 8 
5 9 
5 10 
5 11 
5 13 
5 14 
5 15 
5 16 
5 17 
5 18 
6 7 
6 8 
6 9 
6 10 
6 11 
6 12 
6 14 
6 15 
6 18 
6 19 
6 20 
7 8 
7 10 
7 11 
7 13 
7 14 
7 15 
7 17 
7 18 
7 20 
8 16 
8 17 
8 18 
8 9 
8 14 
9 16 
9 17 
9 20 
9 13 
9 14 
9 15 
10 11 
10 12 
10 13 
10 14 
10 15 
10 17 
10 18 
10 19 
10 20 
11 16 
11 18 
11 19 
12 16 
12 18 
12 19 
13 16 
13 18 
13 14 
13 15 
14 17 
14 20 
15 17 
15 18 
15 20 
16 17 
16 19 
16 20 
17 18 
17 20 
19 20 
