1 3 
1 19 
1 5 
1 6 
1 8 
1 25 
1 14 
2 16 
2 18 
2 19 
2 4 
2 5 
2 21 
2 6 
2 22 
2 8 
2 10 
2 12 
3 17 
3 4 
3 5 
3 23 
3 8 
3 24 
3 9 
3 26 
3 10 
3 11 
3 13 
4 16 
4 18 
4 19 
4 23 
4 25 
4 10 
4 11 
4 12 
4 15 
5 16 
5 17 
5 7 
5 8 
5 9 
5 25 
5 11 
6 7 
6 8 
6 9 
6 10 
6 12 
6 14 
6 15 
6 17 
6 18 
6 19 
6 20 
6 21 
6 25 
6 26 
7 16 
7 19 
7 20 
7 21 
7 8 
7 9 
7 10 
7 26 
7 11 
7 14 
8 11 
8 12 
8 13 
8 15 
8 17 
8 18 
8 19 
8 20 
8 21 
8 22 
9 17 
9 22 
9 10 
9 12 
9 14 
10 17 
10 18 
10 22 
10 23 
10 12 
10 14 
11 14 
11 15 
11 16 
11 17 
11 20 
11 24 
11 25 
11 26 
12 13 
12 15 
12 17 
12 20 
12 22 
12 23 
12 24 
12 25 
13 16 
13 17 
13 21 
13 22 
13 26 
14 16 
14 19 
14 21 
14 23 
14 26 
15 16 
15 18 
15 19 
15 21 
15 22 
16 23 
16 24 
17 18 
17 19 
17 21 
17 22 
17 23 
17 26 
18 19 
18 22 
18 25 
18 26 
19 21 
19 23 
19 25 
19 26 
20 21 
20 22 
20 23 
21 22 
21 23 
21 26 
22 23 
22 24 
22 25 
23 24 
24 25 
24 26 
25 26 
