1 2 
1 20 
1 22 
1 24 
1 26 
1 10 
1 12 
2 18 
2 21 
2 7 
2 9 
2 10 
2 11 
2 12 
3 20 
3 6 
3 9 
3 10 
4 21 
4 25 
4 26 
4 15 
5 8 
5 11 
5 12 
5 14 
6 16 
6 17 
6 24 
6 12 
6 14 
7 16 
7 25 
7 11 
7 14 
8 20 
8 9 
8 12 
9 16 
9 18 
9 19 
9 10 
9 26 
9 12 
9 13 
10 17 
10 19 
10 22 
11 19 
11 20 
11 21 
11 24 
12 18 
12 25 
13 17 
13 20 
13 23 
13 26 
14 16 
14 21 
14 26 
14 15 
15 18 
15 21 
16 18 
16 19 
16 20 
17 18 
17 20 
18 19 
18 21 
18 22 
18 23 
18 24 
19 25 
20 21 
21 24 
22 23 
22 24 
23 26 
