1 17 
1 3 
1 19 
1 21 
1 5 
1 8 
1 9 
1 11 
2 3 
2 19 
2 5 
2 22 
2 7 
2 8 
2 25 
2 10 
2 12 
2 13 
2 14 
2 15 
3 16 
3 17 
3 4 
3 10 
3 11 
3 12 
3 13 
3 14 
4 6 
4 7 
4 8 
4 9 
4 10 
4 11 
4 12 
4 17 
4 18 
4 21 
4 22 
4 23 
4 24 
5 6 
5 7 
5 8 
5 9 
5 10 
5 12 
5 14 
5 16 
5 22 
5 23 
5 24 
6 23 
6 7 
6 24 
6 8 
6 9 
6 10 
7 16 
7 21 
7 8 
7 25 
7 26 
7 11 
7 14 
8 9 
8 10 
8 13 
8 15 
8 16 
8 19 
8 20 
8 21 
8 24 
8 25 
9 19 
9 21 
9 23 
9 24 
9 10 
9 15 
10 18 
10 23 
10 24 
10 11 
10 15 
11 12 
11 13 
11 14 
11 15 
11 16 
11 17 
11 20 
11 21 
11 26 
12 17 
12 18 
12 19 
12 23 
13 17 
13 19 
13 20 
13 21 
13 22 
13 23 
13 14 
14 21 
14 25 
15 19 
15 21 
15 22 
15 24 
16 18 
16 19 
16 21 
16 25 
17 18 
17 22 
17 24 
17 25 
18 22 
18 24 
20 23 
20 26 
21 23 
22 23 
22 25 
22 26 
23 25 
23 26 
