1 16 
1 17 
1 19 
1 4 
1 5 
1 6 
1 23 
1 9 
1 10 
1 13 
1 15 
2 3 
2 4 
2 5 
2 6 
2 7 
2 8 
2 10 
2 11 
2 12 
2 13 
2 14 
2 18 
2 20 
2 21 
2 22 
3 4 
3 5 
3 8 
3 10 
3 12 
3 13 
3 15 
3 17 
3 18 
3 19 
3 21 
3 22 
3 23 
4 5 
4 6 
4 7 
4 8 
4 13 
4 15 
4 16 
4 19 
4 22 
4 23 
5 6 
5 7 
5 10 
5 14 
5 15 
5 16 
5 17 
5 18 
5 20 
5 22 
6 7 
6 9 
6 11 
6 13 
6 14 
6 15 
6 20 
6 21 
6 23 
7 16 
7 18 
7 20 
7 21 
7 22 
7 8 
7 11 
7 14 
8 16 
8 17 
8 21 
8 23 
8 9 
8 12 
8 13 
8 14 
9 10 
9 11 
9 12 
9 13 
9 14 
9 15 
9 16 
9 19 
9 20 
9 21 
9 22 
10 11 
10 12 
10 14 
10 15 
10 16 
10 17 
10 19 
10 20 
10 21 
10 22 
10 23 
11 16 
11 18 
11 19 
11 20 
11 21 
11 15 
12 18 
12 21 
12 22 
12 13 
12 14 
13 14 
13 15 
13 19 
13 20 
13 22 
13 23 
14 15 
14 16 
14 19 
14 21 
15 16 
15 18 
15 19 
15 20 
15 21 
15 22 
15 23 
16 18 
16 20 
16 22 
16 23 
17 18 
17 19 
17 22 
17 23 
18 19 
19 22 
19 23 
20 21 
20 22 
20 23 
21 22 
22 23 
