1 2 
1 19 
1 20 
1 4 
1 21 
1 6 
1 8 
1 10 
1 13 
1 14 
2 16 
2 3 
2 4 
2 21 
2 6 
2 22 
2 23 
2 11 
2 12 
2 15 
3 16 
3 20 
3 21 
3 5 
3 7 
3 9 
3 25 
3 11 
3 13 
3 15 
4 6 
4 12 
4 13 
4 15 
4 16 
4 17 
4 19 
4 20 
4 21 
4 22 
4 23 
4 25 
5 18 
5 20 
5 6 
5 8 
5 15 
6 7 
6 12 
6 13 
6 16 
6 17 
6 18 
6 19 
6 20 
6 23 
6 26 
7 8 
7 9 
7 10 
7 13 
7 16 
7 18 
7 19 
7 22 
7 24 
7 25 
7 26 
8 16 
8 19 
8 21 
8 9 
8 25 
8 26 
8 10 
8 11 
8 15 
9 10 
9 11 
9 12 
9 13 
9 16 
9 17 
9 18 
9 20 
9 22 
9 25 
9 26 
10 19 
10 20 
10 21 
10 23 
10 24 
10 26 
10 15 
11 14 
11 17 
11 19 
11 20 
11 21 
11 22 
11 23 
11 24 
11 25 
11 26 
12 16 
12 19 
12 20 
12 25 
12 14 
12 15 
13 16 
13 17 
13 19 
13 24 
13 26 
13 14 
14 16 
14 17 
14 22 
14 23 
14 24 
14 15 
15 19 
15 22 
15 23 
15 26 
16 18 
16 19 
16 20 
16 21 
16 23 
16 24 
17 20 
17 23 
17 26 
18 19 
18 21 
18 23 
18 25 
19 22 
19 23 
19 24 
19 25 
19 26 
20 23 
21 26 
22 23 
22 25 
23 26 
