1 16 
1 18 
1 2 
1 19 
1 5 
1 22 
1 6 
1 7 
1 9 
1 26 
1 27 
1 13 
2 23 
2 7 
2 25 
3 17 
3 4 
3 5 
3 6 
3 26 
3 10 
3 27 
4 16 
4 17 
4 20 
4 8 
4 11 
4 29 
5 17 
5 19 
5 21 
5 24 
5 26 
5 27 
5 13 
5 15 
6 20 
6 22 
6 23 
6 24 
6 8 
6 9 
6 10 
6 26 
6 27 
6 14 
7 17 
7 19 
7 8 
7 24 
7 9 
7 26 
7 27 
7 11 
7 12 
7 14 
8 17 
8 22 
8 24 
8 9 
8 26 
8 27 
8 28 
8 14 
8 15 
9 17 
9 19 
9 20 
9 21 
9 24 
9 26 
9 10 
9 14 
10 20 
10 22 
10 25 
10 13 
10 14 
11 17 
11 21 
11 26 
11 13 
11 15 
12 18 
12 19 
12 20 
12 22 
12 24 
12 25 
13 16 
13 17 
13 18 
13 19 
13 23 
13 26 
13 27 
14 17 
14 25 
14 27 
14 15 
15 16 
15 24 
16 22 
16 25 
16 27 
17 18 
17 21 
17 27 
17 29 
18 20 
18 26 
19 25 
19 27 
20 21 
20 24 
20 25 
20 27 
20 29 
21 25 
21 28 
22 24 
22 25 
22 26 
22 27 
23 27 
23 28 
25 27 
25 29 
26 28 
28 29 
