1 17 
1 2 
1 3 
1 21 
1 6 
1 9 
1 10 
1 27 
2 17 
2 3 
2 19 
2 4 
2 6 
2 24 
2 9 
2 28 
2 13 
3 5 
3 7 
3 9 
3 15 
3 16 
3 17 
3 19 
3 20 
3 21 
3 22 
3 29 
4 16 
4 17 
4 6 
4 8 
4 24 
4 25 
4 9 
4 26 
4 27 
4 12 
4 29 
5 18 
5 21 
5 22 
5 23 
5 8 
5 9 
5 25 
5 12 
5 29 
5 13 
5 15 
6 16 
6 17 
6 8 
6 24 
6 12 
6 28 
6 13 
7 17 
7 18 
7 19 
7 23 
7 25 
7 9 
7 26 
7 14 
8 17 
8 18 
8 23 
8 25 
8 11 
8 15 
9 18 
9 23 
9 10 
9 12 
9 14 
10 23 
10 26 
10 12 
11 17 
11 20 
11 12 
11 13 
11 14 
12 17 
12 20 
12 21 
12 24 
12 27 
12 15 
13 18 
13 23 
13 25 
13 26 
13 29 
13 14 
14 17 
14 20 
14 23 
14 26 
14 28 
14 15 
15 18 
15 19 
15 22 
15 28 
15 29 
16 19 
16 20 
16 23 
16 24 
16 25 
16 26 
16 27 
16 28 
17 23 
17 24 
17 25 
17 28 
17 29 
18 20 
18 22 
18 23 
18 25 
18 26 
18 29 
19 22 
19 23 
19 28 
21 22 
21 23 
21 24 
21 26 
22 26 
23 24 
23 27 
24 26 
24 27 
27 28 
27 29 
