1 17 
1 18 
1 5 
1 22 
1 23 
1 7 
1 10 
1 12 
1 14 
2 19 
2 3 
2 4 
2 5 
2 8 
2 9 
2 12 
2 14 
2 15 
3 18 
3 21 
3 22 
3 9 
4 20 
4 21 
4 6 
4 22 
4 7 
4 10 
4 14 
5 20 
5 21 
5 23 
5 8 
5 9 
5 13 
5 14 
6 17 
6 18 
6 19 
6 20 
6 21 
6 11 
6 12 
6 13 
6 14 
7 21 
7 8 
7 10 
7 12 
7 14 
7 15 
8 18 
8 19 
8 20 
8 23 
8 14 
8 15 
9 16 
9 19 
9 21 
9 23 
9 10 
9 12 
9 13 
10 19 
10 21 
10 23 
10 14 
11 18 
11 23 
11 12 
11 15 
12 16 
12 17 
12 18 
12 22 
12 13 
12 14 
13 16 
13 19 
13 22 
13 23 
13 14 
14 21 
14 15 
15 20 
15 21 
15 23 
16 17 
16 18 
17 19 
17 20 
17 22 
18 20 
18 23 
19 20 
19 21 
19 23 
20 23 
21 23 
