1 21 
1 23 
1 8 
1 9 
1 27 
1 12 
1 29 
2 17 
2 21 
2 25 
2 10 
2 11 
2 27 
2 29 
2 14 
2 15 
3 17 
3 5 
3 22 
3 7 
3 25 
3 15 
4 17 
4 19 
4 9 
4 29 
5 17 
5 20 
5 7 
5 8 
5 10 
5 26 
5 12 
5 13 
5 15 
6 18 
6 19 
6 22 
6 10 
6 27 
6 12 
6 13 
7 17 
7 19 
7 21 
7 9 
7 10 
7 27 
7 11 
8 19 
8 21 
8 22 
9 16 
9 19 
9 26 
9 27 
9 12 
9 14 
10 17 
10 20 
10 28 
11 17 
11 24 
11 12 
11 13 
12 21 
12 25 
12 26 
12 13 
13 16 
13 17 
13 27 
14 18 
14 19 
14 20 
14 22 
14 24 
14 25 
15 17 
15 18 
15 21 
15 22 
15 23 
15 25 
15 27 
16 17 
16 18 
16 28 
17 19 
17 20 
17 22 
17 27 
18 19 
18 27 
18 29 
19 20 
20 21 
20 22 
20 23 
21 26 
22 23 
22 25 
23 25 
23 26 
23 27 
24 28 
25 28 
26 27 
27 28 
27 29 
