1 4 
1 23 
1 25 
1 11 
1 12 
2 5 
2 23 
2 8 
2 12 
2 15 
3 17 
3 18 
3 19 
3 20 
3 4 
3 12 
4 19 
4 5 
4 25 
4 10 
4 12 
4 13 
5 18 
5 7 
5 9 
5 10 
5 12 
6 23 
6 12 
6 15 
7 17 
7 18 
7 21 
7 9 
7 11 
7 15 
8 20 
8 22 
8 23 
8 24 
8 9 
8 25 
8 26 
8 15 
9 22 
9 24 
9 12 
9 15 
10 16 
10 14 
11 20 
11 22 
11 23 
11 14 
12 16 
12 17 
12 21 
12 13 
13 19 
13 22 
14 17 
14 18 
14 21 
14 24 
14 25 
15 17 
15 18 
15 20 
15 23 
16 17 
16 19 
16 21 
16 26 
17 21 
17 24 
18 20 
18 24 
18 25 
19 22 
19 23 
19 25 
20 21 
20 22 
20 23 
21 22 
22 23 
22 24 
22 25 
22 26 
24 25 
