1 18 
1 19 
1 3 
1 23 
1 9 
1 26 
2 19 
2 4 
2 21 
2 6 
2 22 
2 8 
2 13 
2 30 
3 20 
3 4 
3 22 
3 25 
3 10 
3 30 
4 5 
4 6 
4 9 
4 10 
4 12 
4 14 
4 19 
4 27 
4 28 
4 29 
4 30 
5 6 
5 9 
5 27 
5 12 
5 29 
6 17 
6 12 
7 8 
7 10 
7 27 
7 28 
8 18 
8 21 
8 23 
8 25 
8 12 
8 14 
9 18 
9 19 
9 22 
9 23 
9 24 
9 27 
9 11 
10 19 
10 21 
10 27 
10 13 
10 30 
11 17 
11 24 
11 26 
11 29 
12 24 
12 29 
12 30 
13 18 
13 22 
13 27 
13 30 
14 16 
15 16 
15 19 
15 21 
15 22 
15 25 
15 28 
16 17 
16 18 
16 19 
17 19 
17 22 
17 26 
17 30 
18 20 
18 22 
18 24 
18 27 
18 29 
19 21 
19 23 
19 25 
19 26 
19 27 
19 29 
20 21 
20 23 
20 29 
21 24 
21 30 
22 29 
23 29 
23 30 
24 28 
24 29 
25 30 
26 27 
27 29 
29 30 
