1 16 
1 19 
1 20 
1 21 
1 23 
1 8 
1 9 
1 13 
1 15 
2 16 
2 17 
2 18 
2 20 
2 21 
2 6 
2 7 
2 10 
2 11 
2 13 
3 16 
3 18 
3 20 
3 5 
3 21 
3 9 
4 17 
4 18 
4 19 
4 21 
4 6 
4 7 
4 10 
4 12 
5 6 
5 7 
5 8 
5 10 
6 18 
6 19 
6 21 
6 7 
6 8 
6 9 
6 15 
7 20 
7 21 
7 10 
7 11 
7 15 
8 17 
8 19 
8 21 
8 11 
9 18 
9 22 
9 14 
10 12 
10 14 
11 16 
11 18 
11 19 
11 20 
11 21 
11 22 
11 13 
11 14 
11 15 
12 17 
12 18 
12 23 
12 13 
13 16 
13 19 
13 20 
13 14 
14 18 
15 16 
15 22 
16 17 
16 19 
16 21 
16 23 
17 19 
17 20 
17 21 
18 21 
19 23 
20 22 
21 22 
22 23 
