1 19 
1 3 
1 4 
1 8 
1 24 
1 25 
1 10 
1 11 
1 28 
1 12 
1 15 
2 19 
2 4 
2 22 
2 24 
2 27 
2 12 
2 29 
2 30 
3 18 
3 4 
3 24 
3 25 
3 10 
3 11 
3 28 
3 13 
3 30 
4 6 
4 9 
4 14 
4 15 
4 16 
4 22 
4 23 
4 25 
4 27 
4 29 
5 17 
5 20 
5 21 
5 24 
5 25 
5 26 
5 27 
5 29 
5 13 
5 30 
5 15 
6 17 
6 18 
6 20 
6 9 
6 26 
6 11 
6 12 
6 13 
7 9 
7 25 
7 10 
7 28 
8 16 
8 17 
8 19 
8 20 
8 13 
8 14 
8 15 
9 17 
9 23 
9 25 
9 10 
9 27 
9 28 
10 21 
10 23 
10 25 
10 12 
10 30 
11 18 
11 22 
11 23 
11 25 
11 12 
11 13 
11 14 
12 23 
12 24 
12 25 
12 26 
12 28 
12 15 
13 23 
14 16 
14 17 
14 18 
14 20 
14 22 
15 19 
15 21 
15 29 
15 30 
16 17 
16 19 
16 23 
16 28 
17 22 
17 24 
17 25 
17 27 
17 28 
17 29 
17 30 
18 19 
18 24 
19 22 
19 23 
20 24 
21 23 
21 25 
21 26 
21 27 
22 25 
22 29 
23 24 
24 26 
24 29 
27 29 
28 30 
29 30 
