1 2 
1 19 
1 21 
1 5 
1 23 
1 7 
1 8 
1 9 
1 25 
1 11 
1 12 
1 13 
2 18 
2 19 
2 4 
2 21 
2 5 
2 22 
2 14 
3 17 
3 19 
3 4 
3 6 
3 9 
3 25 
4 17 
4 19 
4 6 
4 24 
4 8 
4 15 
5 16 
5 18 
5 19 
5 20 
5 7 
5 13 
5 14 
5 15 
6 17 
6 21 
6 22 
6 7 
6 10 
6 11 
6 12 
6 13 
6 14 
7 23 
7 8 
7 9 
7 25 
7 11 
8 16 
8 19 
8 20 
8 21 
8 22 
8 11 
8 12 
8 14 
9 16 
9 17 
9 19 
9 21 
9 22 
9 10 
9 12 
9 15 
10 18 
10 21 
10 22 
10 23 
10 11 
10 12 
10 15 
11 21 
11 13 
11 14 
11 15 
12 16 
12 21 
12 15 
13 17 
13 22 
13 23 
14 18 
14 23 
14 25 
15 17 
15 25 
16 20 
16 23 
16 25 
17 24 
17 25 
18 23 
18 25 
19 24 
19 25 
20 22 
20 23 
20 25 
21 22 
21 24 
22 24 
22 25 
23 24 
23 25 
24 25 
