1 16 
1 3 
1 19 
1 20 
1 5 
1 6 
1 12 
1 29 
1 15 
2 4 
2 11 
3 16 
3 17 
3 22 
3 25 
3 10 
3 13 
3 29 
3 14 
4 18 
4 19 
4 9 
4 26 
4 27 
5 18 
5 7 
5 8 
5 11 
5 29 
5 14 
6 17 
6 21 
6 9 
6 10 
6 27 
7 17 
7 8 
7 24 
7 25 
8 20 
8 9 
8 13 
9 21 
9 22 
10 24 
10 12 
10 14 
11 23 
11 28 
11 15 
12 17 
12 27 
12 28 
12 29 
13 19 
13 20 
13 21 
13 26 
13 29 
13 15 
14 18 
14 19 
14 20 
15 28 
16 19 
16 24 
16 25 
16 29 
17 19 
17 22 
17 26 
17 28 
18 22 
18 25 
19 27 
19 29 
20 24 
20 26 
20 27 
21 26 
22 26 
23 26 
23 29 
24 25 
24 29 
25 27 
25 28 
26 27 
26 29 
27 28 
