1 2 
1 3 
1 5 
1 6 
1 9 
1 10 
1 11 
1 18 
1 19 
1 21 
1 23 
1 24 
1 29 
2 16 
2 3 
2 4 
2 20 
2 6 
2 23 
2 9 
2 10 
2 12 
2 13 
2 14 
3 18 
3 19 
3 4 
3 8 
3 24 
3 26 
3 28 
4 16 
4 32 
4 18 
4 24 
4 14 
5 17 
5 18 
5 19 
5 21 
5 8 
5 10 
5 11 
5 27 
5 12 
5 31 
6 18 
6 19 
6 20 
6 21 
6 24 
6 26 
6 27 
7 21 
7 23 
7 24 
7 25 
8 18 
8 23 
8 24 
8 25 
8 26 
8 11 
8 30 
8 14 
8 31 
9 32 
9 23 
9 24 
9 25 
9 28 
9 15 
10 32 
10 18 
10 19 
10 24 
10 27 
10 12 
10 28 
10 13 
10 31 
11 21 
11 12 
11 31 
12 17 
12 20 
12 22 
12 24 
12 25 
12 13 
12 30 
12 31 
13 16 
13 19 
13 21 
13 31 
14 17 
14 20 
14 21 
14 23 
14 29 
14 30 
14 15 
15 20 
15 21 
15 25 
15 26 
15 28 
15 30 
16 21 
16 22 
16 25 
17 19 
17 20 
17 22 
17 23 
17 26 
17 30 
18 20 
18 24 
18 26 
18 28 
19 32 
19 20 
19 27 
19 31 
20 21 
20 22 
21 25 
22 27 
22 30 
23 24 
23 27 
24 29 
25 32 
25 27 
25 28 
26 30 
29 32 
31 32 
