1 16 
1 2 
1 3 
1 22 
1 23 
1 26 
1 11 
1 30 
1 31 
2 18 
2 21 
2 22 
2 9 
2 11 
3 6 
3 9 
3 10 
3 28 
3 30 
3 31 
4 7 
4 8 
5 17 
5 20 
5 6 
5 7 
5 9 
5 13 
6 9 
6 14 
6 30 
7 32 
7 23 
7 8 
7 29 
7 14 
8 19 
8 21 
8 22 
8 9 
8 11 
8 27 
8 12 
8 31 
9 18 
9 26 
9 27 
9 12 
9 13 
9 15 
9 31 
10 17 
10 26 
10 28 
10 12 
11 32 
11 17 
11 18 
11 22 
11 26 
12 21 
12 25 
12 26 
12 27 
12 13 
12 31 
13 18 
13 19 
13 21 
13 15 
14 27 
14 15 
15 16 
15 18 
15 31 
16 21 
16 22 
16 24 
16 25 
16 27 
17 19 
18 23 
18 27 
20 32 
20 21 
20 22 
20 23 
20 25 
20 27 
20 31 
21 23 
21 24 
21 31 
23 31 
24 25 
24 26 
25 28 
25 30 
28 29 
29 31 
