1 3 
1 20 
1 21 
1 22 
1 6 
1 10 
1 26 
1 12 
1 14 
1 15 
2 17 
2 6 
2 9 
2 26 
2 10 
2 15 
3 16 
3 20 
3 21 
3 22 
3 8 
3 25 
3 9 
4 19 
4 21 
4 5 
4 22 
4 23 
4 24 
4 9 
4 26 
4 11 
4 12 
4 13 
5 6 
5 11 
5 12 
5 15 
5 16 
5 19 
5 20 
5 21 
5 22 
5 23 
5 25 
5 26 
6 10 
6 26 
6 14 
6 15 
7 16 
7 20 
7 24 
7 9 
7 10 
8 21 
8 23 
8 24 
8 9 
8 11 
8 12 
9 17 
9 21 
9 23 
9 24 
9 10 
9 11 
9 12 
10 16 
10 26 
10 12 
10 13 
11 17 
11 19 
11 22 
11 26 
11 12 
12 17 
12 19 
12 21 
12 23 
12 14 
13 16 
13 17 
13 21 
13 22 
13 23 
13 26 
13 14 
13 15 
14 16 
14 17 
14 23 
15 16 
15 18 
15 20 
15 21 
15 24 
15 25 
16 18 
16 19 
16 21 
16 22 
16 23 
16 24 
17 19 
17 22 
17 24 
17 25 
18 19 
18 20 
18 24 
18 26 
19 20 
19 23 
20 25 
20 26 
21 22 
21 26 
23 24 
