1 18 
1 2 
1 4 
1 21 
1 7 
1 24 
1 25 
1 14 
2 3 
2 20 
2 5 
2 6 
2 11 
3 18 
3 21 
3 22 
3 7 
3 23 
3 25 
3 12 
3 13 
3 14 
3 15 
4 17 
4 18 
4 19 
4 23 
5 18 
5 19 
5 23 
5 7 
5 11 
5 13 
6 21 
6 9 
6 25 
6 14 
6 15 
7 21 
7 9 
7 11 
7 13 
7 14 
8 16 
8 19 
8 21 
8 23 
8 9 
8 11 
8 15 
9 16 
9 19 
9 23 
9 25 
9 13 
10 16 
10 18 
10 19 
10 20 
10 22 
10 24 
10 12 
11 19 
11 23 
11 12 
12 16 
12 17 
12 22 
12 24 
12 13 
13 18 
13 15 
14 15 
15 18 
15 19 
15 24 
16 18 
16 20 
16 23 
17 18 
17 20 
17 22 
18 19 
18 22 
18 24 
19 25 
20 22 
21 23 
23 24 
24 25 
